# 100m depth gauges along Vancouver Island
 2000     -125.5000     48.7000
 2001     -125.9667     48.8500
 2002     -126.2333     49.0000
 2003     -126.4167     49.1500
 2004     -126.6833     49.3000
 2005     -126.8500     49.4500
 2006     -127.0167     49.6000
 2007     -127.4667     49.7500
 2008     -127.6500     49.9000
 2009     -127.8500     50.0500
 2010     -128.0667     50.2000
 2011     -128.1167     50.3500
 2012     -128.3167     50.5000
 2013     -128.4833     50.6500
 2014     -129.0167     50.8000
