%Lon   Lat   NEOWAVE_non_dispersive(15-arc-sec)   NEOWAVE_dispersive(15-arc-sec)    MOST(15-arc-sec)   MOST(30-arc-sec)
-125.119000 48.613000 1.921785 2.035018 2.359351 1.899906
-125.100000 48.607000 2.192192 1.853598 2.154566 2.052256
-125.087000 48.603000 2.201698 1.998920 2.376049 2.070000
-125.074000 48.593000 2.876814 2.594559 2.783857 2.131181
-125.067000 48.580000 2.272183 2.391283 2.689519 2.216164
-125.074000 48.567000 2.507813 2.000620 2.265153 2.160379
-125.080000 48.553000 2.158173 2.309087 2.411744 2.108921
-125.073000 48.544000 2.264232 2.232106 2.551346 2.129431
-125.060000 48.534000 2.087300 2.020415 2.199534 2.129191
-125.052000 48.527000 2.118880 1.931905 2.187253 2.131533
-125.041000 48.513000 1.998663 1.874394 2.273831 2.024966
-125.033000 48.506000 2.032198 1.881445 2.218528 2.087187
-125.021000 48.493000 2.126600 2.040019 2.268587 2.103171
-125.008000 48.487000 2.199196 2.083879 2.395492 2.022203
-125.001000 48.473000 2.184823 2.119648 2.263492 2.065327
-124.987000 48.470000 2.140374 2.091106 2.357849 2.168688
-124.814000 48.373000 1.697038 1.626788 1.577053 1.416283
-124.827000 48.362000 1.600149 1.507120 1.534598 1.422428
-124.836000 48.353000 1.414340 1.472653 1.475668 1.487985
-124.847000 48.343000 1.350263 1.336795 1.497566 1.282908
-124.855000 48.333000 1.346046 1.293515 1.481431 1.296859
-124.865000 48.320000 1.419894 1.324290 1.513244 1.312966
-124.873000 48.310000 1.413403 1.300258 1.553074 1.263888
-124.881000 48.300000 1.429969 1.368930 1.552863 1.219442
-124.890000 48.287000 1.351667 1.436029 1.442429 1.302529
-124.900000 48.274000 1.489154 1.361068 1.327345 1.290110
-124.907000 48.264000 1.456766 1.301063 1.296726 1.288839
-124.913000 48.247000 1.477093 1.426093 1.389693 1.339032
-124.917000 48.233000 1.538072 1.426259 1.467566 1.401843
-124.920000 48.217000 1.675637 1.548291 1.626416 1.543685
-124.927000 48.207000 1.744579 1.598844 1.698686 1.600267
-124.933000 48.187000 1.902533 1.730073 1.872746 1.804515
-124.934000 48.173000 2.018371 1.821674 1.980772 1.874732
-124.936000 48.153000 2.096777 1.916554 2.100653 2.094217
-124.940000 48.139000 2.131299 1.986390 2.177577 2.128034
-124.944000 48.120000 2.200406 2.096372 2.270101 2.328402
-124.953000 48.096700 2.599054 2.435688 2.872286 2.566149
-124.960400 48.077400 2.838914 2.664303 3.025083 3.004088
-124.964200 48.044900 3.544119 3.119395 3.433504 2.945909
-124.964600 48.015000 4.302467 3.465579 4.205801 3.351464
-124.964000 47.987000 5.720389 3.806312 5.072736 3.854261
-124.958000 47.973000 6.111665 3.903198 5.352715 3.980312
-124.950000 47.960000 6.267487 3.973123 5.537606 4.054807
-124.946000 47.947000 6.065594 3.932939 5.443310 4.109052
-124.940000 47.930000 5.540437 3.774245 5.080103 3.995962
-124.938000 47.913000 4.930982 3.563245 4.651714 3.846277
-124.933000 47.900000 4.538092 3.405033 4.363987 3.627379
-124.927000 47.886000 4.214055 3.245338 4.082579 3.426778
-124.916000 47.873000 4.009577 3.125092 3.857855 3.331461
-124.907000 47.862000 3.855619 3.025986 3.692118 3.199570
-124.907000 47.852000 3.769501 2.974947 3.616815 3.158336
-124.913000 47.838000 3.743921 2.948246 3.591064 3.138112
-124.913000 47.826000 3.776083 2.967473 3.596430 3.061678
-124.912000 47.814900 3.800388 2.987054 3.613227 3.017138
-124.908000 47.804900 3.908705 3.023760 3.674233 3.017933
-124.904000 47.786300 4.029505 3.045896 3.758799 3.131358
-124.898000 47.768700 4.151614 3.053942 3.808947 3.208681
-124.892000 47.753200 4.490344 3.330632 4.123939 3.314101
-124.884000 47.735300 5.510945 4.155171 5.228882 3.867820
-124.874000 47.721900 5.702092 4.437903 5.517717 4.234486
-124.866000 47.706900 6.321772 4.542573 5.699510 4.614488
-124.856000 47.695100 7.340455 4.738471 6.455435 4.533681
-124.847000 47.683300 7.328074 4.890035 6.774055 4.344557
-124.840000 47.674900 6.831711 4.827822 6.596212 4.111414
-124.838000 47.667000 6.300754 4.605571 6.131942 3.960814
-124.833000 47.653000 5.515341 4.059971 5.125674 3.630180
-124.830000 47.633000 4.220417 3.357509 4.116643 3.454460
-124.824000 47.620000 3.922553 3.166273 3.903292 3.228148
-124.813000 47.607000 3.912979 3.090812 3.881412 3.074968
-124.807000 47.597000 3.871843 3.029533 3.838647 2.918268
-124.795000 47.587000 3.588281 2.895960 3.646003 2.565979
-124.788000 47.573000 3.119860 2.625816 3.238904 2.497208
-124.780000 47.560000 2.702993 2.383334 2.782243 2.388223
-124.774000 47.547000 2.537634 2.355032 2.602024 2.348232
-124.770000 47.533000 2.377458 2.318453 2.477603 2.342556
-124.760000 47.521000 2.380514 2.272555 2.476231 2.331215
-124.753000 47.513000 2.407309 2.276354 2.505813 2.323465
-124.745000 47.500000 2.436926 2.293204 2.529774 2.351319
-124.733000 47.488000 2.455822 2.283573 2.530425 2.374424
-124.731000 47.473000 2.477788 2.305115 2.550696 2.438444
-124.734000 47.460000 2.507343 2.331263 2.559820 2.465585
-124.727000 47.447000 2.488682 2.330808 2.541843 2.438750
-124.719000 47.440000 2.476483 2.318295 2.528250 2.403409
-124.709000 47.427000 2.432799 2.296711 2.478168 2.372823
-124.701000 47.413000 2.403535 2.281501 2.447608 2.344484
-124.693000 47.404000 2.403779 2.266135 2.437167 2.327033
-124.689000 47.387000 2.413220 2.267698 2.436928 2.332183
-124.686000 47.373000 2.408106 2.255613 2.437566 2.306235
-124.678000 47.360000 2.373692 2.236488 2.713156 2.266666
-124.677000 47.340000 2.299222 2.213203 2.937948 2.243554
-124.673000 47.322000 2.284871 2.235416 2.920781 2.241421
-124.672000 47.307000 2.365502 2.283548 3.074197 2.314259
-124.672000 47.287000 2.653392 2.357045 3.396377 2.571986
-124.673000 47.272000 3.365946 2.566337 3.040161 2.668224
-124.672000 47.260000 3.947825 2.810790 3.568454 2.864259
-124.670000 47.240000 4.568436 3.143323 4.263254 3.105567
-124.676000 47.227000 5.107913 3.526628 4.810338 3.472509
-124.681000 47.213000 5.199130 3.803534 4.963221 3.666440
-124.679000 47.200000 5.195435 3.990761 5.007910 4.106326
-124.677000 47.180000 5.285248 3.989709 5.004679 4.359342
-124.680000 47.160000 5.248424 3.770437 4.852627 4.097668
-124.680000 47.153000 5.208441 3.738102 4.806982 3.864770
-124.673000 47.133000 4.535145 3.362842 4.272321 3.357967
-124.680000 47.127000 4.050016 3.084659 3.941894 3.055419
-124.682000 47.113000 3.352622 2.710260 4.900786 2.910149
-124.682000 47.093000 2.813282 2.613927 5.108212 2.889060
-124.678000 47.080000 3.121392 2.953335 4.613852 2.940734
-124.671000 47.067000 3.405320 3.302283 4.349702 3.293457
-124.666000 47.053000 3.977990 3.550369 3.848592 3.677810
-124.660000 47.036000 5.184524 3.774990 4.880677 3.921343
-124.655000 47.020000 5.522178 3.709293 4.844040 3.781431
-124.653000 47.003000 4.969235 3.499406 4.299549 3.282869
-124.647000 46.992000 4.078354 3.000738 3.384575 3.005204
-124.635000 46.980000 3.208075 2.575463 2.878051 2.721221
-124.627000 46.969000 3.053971 2.561122 2.888409 2.578561
-124.621000 46.953000 3.134171 2.909294 2.868104 3.012775
-124.613000 46.940000 3.966582 3.408384 3.639556 3.450958
-124.607000 46.932000 4.359335 3.702147 3.995137 3.888315
-124.593000 46.922000 5.443390 4.152754 4.389124 4.345968
-124.586000 46.913000 5.768307 4.387639 4.735441 4.704982
-124.582000 46.893000 6.411503 4.748241 5.503923 5.507043
-124.573000 46.880000 7.250034 4.870501 5.935515 5.704747
-124.566000 46.873000 7.661659 5.031451 6.208885 5.765060
-124.565000 46.853000 7.359013 5.586030 6.965090 5.783510
-124.560000 46.833000 7.005782 5.539448 6.783936 5.602700
-124.557000 46.820000 6.974828 5.137607 6.310472 5.426917
-124.547000 46.813000 6.592864 4.835822 5.719485 5.463516
-124.533000 46.803000 6.418140 4.655884 5.407827 5.390069
-124.528000 46.787000 6.017244 4.591526 5.258038 5.131075
-124.522000 46.773000 5.519302 4.406725 4.874885 4.950931
-124.521000 46.753000 4.462013 4.019451 4.341418 4.485196
-124.513000 46.740000 3.831135 3.736876 4.083121 4.228376
-124.507000 46.731000 3.695376 3.487667 3.847217 3.991208
-124.499000 46.720000 3.604521 3.322849 3.601741 3.644264
-124.493000 46.707000 3.382053 3.153185 3.425391 3.552601
-124.486000 46.693000 3.403327 3.181219 3.470636 3.505920
-124.476000 46.680000 3.564546 3.383288 3.799462 3.515565
-124.474000 46.660000 3.991830 3.602081 4.117983 3.737438
-124.467000 46.649000 4.417195 3.656532 4.233826 3.868485
-124.453000 46.641000 4.824084 3.650517 4.319821 3.967067
-124.445000 46.633000 4.899720 3.599852 4.332585 3.956351
-124.440000 46.620000 4.642535 3.505404 4.249796 3.815891
-124.434000 46.600000 3.866456 3.257602 3.806329 3.475481
-124.432000 46.587000 3.647914 3.145868 3.579118 3.276283
-124.433000 46.567000 3.684861 3.086042 3.507022 3.252250
-124.433000 46.555000 3.927802 3.140457 3.741524 3.281205
-124.429000 46.540000 4.065780 3.210432 3.902240 3.490644
-124.425000 46.527000 3.870724 3.208937 3.735430 3.436694
-124.420000 46.515000 3.754399 3.197855 3.615099 3.322788
-124.420000 46.500000 3.588535 3.073384 3.446178 3.172480
-124.415000 46.487000 3.543311 3.040458 3.353125 3.088589
-124.414000 46.467000 3.643630 3.074716 3.392640 3.074536
-124.412000 46.453000 3.802596 3.185700 3.524206 3.197007
-124.410000 46.433000 4.322727 3.480926 3.892571 3.491569
-124.407000 46.417000 4.270064 3.271510 3.819408 3.539753
-124.402000 46.400000 3.728654 2.794156 3.193289 2.921670
-124.393000 46.389000 4.902254 3.482340 4.220373 2.587573
-124.385000 46.380000 5.679404 3.638842 5.532773 3.061965
-124.377000 46.367000 5.253164 4.756371 5.106413 4.976448
-124.370000 46.353000 5.857495 5.519597 5.922473 5.289927
-124.360000 46.343000 7.389023 5.401860 5.902085 4.931638
-124.348000 46.333000 6.847369 4.998479 5.673705 4.193203
-124.340000 46.326000 5.773651 4.485069 5.011120 3.645372
-124.330000 46.313000 5.497772 3.667978 4.073160 3.323106
-124.322000 46.300000 3.982846 2.963486 3.165907 2.606557
-124.316000 46.287000 2.881212 2.830562 2.762133 2.690502
-124.310000 46.273000 2.986720 2.925708 2.851733 2.775039
-124.304000 46.260000 3.152097 3.060577 3.009518 2.906859
-124.302000 46.240000 3.317375 3.179716 3.192851 3.039803
-124.299000 46.227000 3.421987 3.269064 3.246812 3.079535
-124.293000 46.207000 3.450828 3.321459 3.302710 3.124940
-124.284000 46.200000 3.479210 3.359839 3.365869 3.190175
-124.288000 46.187000 3.509185 3.387940 3.408294 3.297339
-124.297000 46.173000 3.587415 3.423021 3.487289 3.417361
-124.290000 46.160000 3.635026 3.370851 3.525126 3.558962
-124.287000 46.147000 3.568866 3.207435 3.395782 3.534564
-124.292000 46.133000 4.254025 3.698639 3.619026 3.537250
-124.295000 46.120000 4.937581 4.338410 4.507653 4.058524
-124.290000 46.107000 5.485775 4.919494 5.237086 4.460259
-124.284000 46.093000 6.782892 6.158913 6.324764 5.143108
-124.276000 46.080000 9.525890 7.382746 7.785627 5.407687
-124.270000 46.067000 12.597341 8.256607 9.119263 5.654696
-124.265000 46.053000 10.911617 7.979871 9.211359 5.403799
-124.260000 46.040000 9.521871 6.968342 8.285480 5.155162
-124.253000 46.026000 7.614172 5.638171 7.022594 4.511643
-124.243000 46.013000 6.202586 4.983580 6.304261 4.196582
-124.237000 46.000000 5.187385 4.487321 5.656378 3.614305
-124.228000 45.987000 4.907853 4.172632 5.139412 3.442523
-124.220000 45.973000 5.201596 4.076206 4.799170 3.521329
-124.216000 45.960000 5.577447 4.159861 4.702021 3.702929
-124.213000 45.946000 5.762509 4.230973 4.759733 3.746994
-124.205000 45.933000 5.400947 4.177651 4.724539 3.708190
-124.200000 45.917000 4.318895 3.828916 4.477232 3.523035
-124.193000 45.903000 4.044526 3.684861 4.383304 3.383587
-124.189000 45.887000 4.107211 3.651206 4.378664 3.403350
-124.182000 45.873000 4.224507 3.753925 4.489381 3.530671
-124.180000 45.853000 4.774088 4.031992 4.850033 3.743621
-124.179000 45.840000 5.269113 4.192411 4.969926 3.821234
-124.180000 45.831000 5.611194 4.300963 4.954536 3.763101
-124.175000 45.813000 5.799104 4.302208 4.835476 3.707762
-124.173000 45.798000 5.898293 4.197686 4.645613 3.545168
-124.168000 45.780000 4.839893 3.815211 4.292748 3.454392
-124.166000 45.767000 4.383520 3.575034 4.088424 3.359690
-124.164000 45.747000 4.001479 3.359822 3.879077 3.306622
-124.164000 45.727000 3.863448 3.232587 3.710082 3.155044
-124.160000 45.711000 3.813359 3.186369 3.612416 3.051249
-124.161000 45.700000 3.704347 3.103740 3.494543 3.008266
-124.162000 45.680000 3.471852 2.940700 3.321949 2.943859
-124.161000 45.660000 3.254103 2.789062 3.127589 2.908773
-124.163000 45.640000 3.047001 2.707240 3.025660 2.844318
-124.160000 45.627000 3.019923 2.722350 3.015258 2.829858
-124.154000 45.607000 2.990827 2.712354 2.998574 2.786386
-124.153000 45.597000 2.946663 2.672857 2.957879 2.746773
-124.151000 45.587000 2.942967 2.668366 2.942357 2.677881
-124.147000 45.572000 2.920595 2.637986 2.908973 2.653938
-124.142000 45.553000 2.929325 2.628445 2.892532 2.635458
-124.139000 45.540000 2.979598 2.652172 2.919363 2.645157
-124.137000 45.520000 3.066860 2.696924 3.008742 2.717257
-124.136000 45.500000 3.196262 2.802903 3.154391 2.820774
-124.135000 45.480000 3.452131 2.996887 3.367497 2.975300
-124.132000 45.467000 3.669402 3.125031 3.537766 3.167418
-124.133000 45.447000 4.021640 3.357250 3.831582 3.366621
-124.133000 45.439000 4.120159 3.423866 3.927383 3.454365
-124.125000 45.427000 4.307652 3.507543 4.002423 3.570665
-124.127000 45.409000 4.461881 3.543941 4.043149 3.652987
-124.128000 45.393000 4.519837 3.568111 4.085016 3.662523
-124.125000 45.380000 4.584413 3.579713 4.101526 3.644274
-124.128000 45.367000 4.600177 3.566634 4.118834 3.582084
-124.126000 45.353000 4.550840 3.556834 4.076273 3.487525
-124.128000 45.340000 4.480788 3.529369 4.033799 3.439863
-124.130000 45.320000 4.287586 3.483376 3.934115 3.340959
-124.127000 45.301000 4.060158 3.366016 3.787603 3.228241
-124.126000 45.287000 3.941352 3.288743 3.692839 3.148114
-124.127000 45.273000 3.846862 3.216528 3.594731 3.108810
-124.129000 45.253000 3.661696 3.123851 3.467263 3.005349
-124.129000 45.233000 3.533633 3.071491 3.403504 2.958864
-124.128000 45.213000 3.472220 3.090605 3.402673 2.945570
-124.129000 45.193000 3.500808 3.216190 3.501430 3.024329
-124.133000 45.176000 3.614323 3.382502 3.686312 3.179579
-124.136000 45.160000 3.899255 3.650370 3.973212 3.382238
-124.138000 45.140000 4.323220 3.975796 4.407139 3.651996
-124.140000 45.127000 4.926616 4.304952 4.924816 3.874424
-124.139000 45.113000 5.448318 4.521636 5.266086 3.973847
-124.143000 45.100000 6.093065 4.732307 5.641653 4.132832
-124.140000 45.080000 7.055385 5.045318 6.159655 4.233883
-124.142000 45.073000 7.179427 5.091161 6.231957 4.259259
-124.147000 45.060000 7.379510 5.203050 6.426187 4.317256
-124.152000 45.040000 6.997416 5.116465 6.264670 4.261048
-124.152000 45.020000 6.249821 4.837571 5.748349 4.110518
-124.160000 45.007000 5.751581 4.629080 5.405393 4.068859
-124.167000 44.999000 5.424093 4.467481 5.164595 4.021335
-124.170000 44.980000 4.789699 4.161677 4.647228 3.883003
-124.171000 44.960000 4.417192 3.940621 4.266787 3.726364
-124.180000 44.947000 4.278814 3.827294 4.115370 3.699515
-124.180000 44.938000 4.237756 3.784011 4.045202 3.674011
-124.180000 44.924000 4.206073 3.733139 3.957686 3.616341
-124.187000 44.912000 4.144126 3.713700 3.912513 3.564544
-124.193000 44.899000 4.103333 3.732276 3.918419 3.553034
-124.200000 44.880000 4.051490 3.810301 4.035659 3.545598
-124.205000 44.867000 4.140167 3.912194 4.185125 3.592908
-124.213000 44.855000 4.410660 4.049008 4.393722 3.643901
-124.220000 44.845000 4.677436 4.149383 4.573726 3.719627
-124.227000 44.832000 5.009901 4.288594 4.813448 3.770367
-124.235000 44.820000 5.458827 4.424984 5.074340 3.861725
-124.246000 44.807000 5.932620 4.594992 5.334930 3.927285
-124.253000 44.799000 6.155759 4.711503 5.501487 3.950853
-124.262000 44.787000 6.270477 4.833715 5.682172 3.993816
-124.269000 44.773000 6.198268 4.861403 5.727480 3.999750
-124.280000 44.762000 5.832292 4.738997 5.551152 3.923024
-124.290000 44.753000 5.392905 4.502831 5.232226 3.821985
-124.300000 44.746000 4.812657 4.263861 4.852519 3.796115
-124.314000 44.740000 4.513200 4.103214 4.621601 3.647428
-124.327000 44.727000 4.495768 3.911360 4.389201 3.427176
-124.360000 44.725000 4.581925 3.850050 4.402452 3.345312
-124.340000 44.723000 4.545660 3.884411 4.403211 3.399353
-124.379000 44.720000 4.673229 3.822648 4.422622 3.259153
-124.387000 44.713000 4.638660 3.757289 4.412725 3.249508
-124.400000 44.707000 4.671015 3.680035 4.389851 3.217046
-124.413000 44.697000 4.724666 3.595331 4.262047 3.216194
-124.427000 44.691000 4.788766 3.671975 4.236541 3.263688
-124.440000 44.680000 4.777455 3.867597 4.357117 3.353557
-124.440000 44.672000 4.835847 3.959205 4.491234 3.424503
-124.440000 44.658000 5.107522 4.109044 4.733951 3.558462
-124.455000 44.653000 5.304106 4.216639 4.879305 3.693824
-124.462000 44.640000 5.587006 4.349730 5.090773 3.760836
-124.467000 44.627000 5.650963 4.366857 5.061963 3.859778
-124.477000 44.613000 4.968770 4.175359 4.701649 3.865373
-124.480000 44.596000 4.023538 3.653768 3.803957 3.620322
-124.484000 44.580000 3.338928 3.230083 3.707852 3.200018
-124.492000 44.567000 3.334569 2.990250 3.302473 3.100099
-124.500000 44.559000 3.099166 2.795739 3.899263 3.185489
-124.506000 44.540000 3.124511 2.943564 3.876185 3.341748
-124.506000 44.520000 3.832754 3.942853 4.449968 3.948869
-124.515000 44.513000 4.130948 4.094891 4.218855 3.826184
-124.524000 44.500000 3.960188 3.807596 4.778952 4.487621
-124.533000 44.490000 3.642302 3.451255 4.908815 4.971432
-124.541000 44.480000 3.179176 2.934222 5.614899 5.236917
-124.548000 44.467000 3.472890 3.001847 6.501384 5.749019
-124.548000 44.447000 4.296429 3.300764 6.455712 5.740933
-124.540000 44.436000 4.502797 3.338654 5.625351 4.816505
-124.538000 44.420000 4.511953 3.231451 4.492141 4.085500
-124.547000 44.409000 3.965454 3.035332 3.880538 3.878340
-124.560000 44.403000 3.497997 2.911611 3.922539 3.657606
-124.573000 44.400000 3.175951 2.691748 4.092234 3.957353
-124.593000 44.396000 3.035544 2.556616 4.282505 4.259244
-124.607000 44.391000 3.121830 2.528633 4.475049 4.481850
-124.620000 44.383000 3.160468 2.454975 4.623203 4.221300
-124.633000 44.376000 3.113290 2.459531 4.692790 4.416653
-124.647000 44.370000 3.126932 2.486759 4.710588 4.390208
-124.658000 44.360000 2.991320 2.494877 4.706438 4.253416
-124.667000 44.348000 2.966979 2.427202 4.705888 4.071994
-124.665000 44.340000 3.003764 2.466954 4.622222 3.624706
-124.673000 44.327000 2.989324 2.463466 4.621390 3.133076
-124.682000 44.320000 2.917048 2.443580 4.825788 3.047365
-124.693000 44.312000 2.828579 2.409005 4.468764 2.832502
-124.711000 44.307000 2.900891 2.462137 4.206461 3.020815
-124.720000 44.299000 2.980500 2.480814 3.348706 2.521093
-124.581000 44.293000 3.181611 2.845949 2.959129 2.409320
-124.600000 44.287000 3.180699 2.832700 3.012834 2.440074
-124.578000 44.287000 3.193965 2.860397 2.973578 2.408233
-124.721000 44.280000 3.136648 2.640217 3.397740 2.450196
-124.611000 44.280000 3.248711 2.873367 3.071243 2.448046
-124.500000 44.277000 3.068344 2.756541 2.889692 2.559811
-124.567000 44.275000 3.202345 2.841265 3.024835 2.382070
-124.486000 44.273000 3.049154 2.734644 2.865237 2.598874
-124.553000 44.271000 3.202210 2.839919 2.997090 2.409202
-124.513000 44.270000 3.098738 2.782133 2.921970 2.508185
-124.533000 44.268000 3.173830 2.815186 2.957913 2.480215
-124.716000 44.267000 3.265218 2.721949 3.407570 2.546058
-124.613000 44.260000 3.346059 2.955132 3.129715 2.466931
-124.467000 44.260000 3.092935 2.746294 2.849647 2.606605
-124.707000 44.258000 3.383330 2.808919 3.326403 2.563827
-124.480000 44.258000 3.114810 2.761641 2.869401 2.559612
-124.693000 44.252000 3.455720 2.870200 3.155706 2.568075
-124.460000 44.251000 3.104655 2.728617 2.811973 2.617032
-124.619000 44.247000 3.369616 2.952010 3.073419 2.425767
-124.680000 44.243000 3.514971 2.916320 3.151083 2.546855
-124.629000 44.240000 3.402066 2.936169 3.062380 2.396749
-124.667000 44.239000 3.465489 2.893976 3.092143 2.505886
-124.647000 44.238000 3.412420 2.914097 3.065768 2.459702
-124.453000 44.233000 3.134478 2.646530 2.696746 2.621122
-124.447000 44.227000 3.072845 2.571656 2.615567 2.597397
-124.487000 44.221000 3.021077 2.584964 2.592327 2.502496
-124.473000 44.220000 3.014132 2.569643 2.592750 2.499630
-124.453000 44.220000 3.021505 2.537851 2.580301 2.564399
-124.481000 44.213000 2.863398 2.479964 2.495495 2.484804
-124.473000 44.205000 2.689454 2.398851 2.413702 2.468464
-124.460000 44.194000 2.469036 2.430221 2.449516 2.452053
-124.450000 44.187000 2.415221 2.415981 2.441426 2.438925
-124.440000 44.179000 2.389627 2.394393 2.421811 2.396609
-124.429000 44.167000 2.657353 2.344429 2.397220 2.338589
-124.420000 44.160000 2.641034 2.279205 2.344132 2.269403
-124.406000 44.153000 2.545435 2.243307 2.321733 2.177537
-124.394000 44.140000 3.294174 2.663770 2.957070 2.073024
-124.387000 44.127000 2.995622 2.605573 2.911289 1.805318
-124.388700 44.107100 2.206572 2.008860 2.224887 1.558775
-124.367400 44.069100 1.747983 1.525099 2.029426 2.066552
-124.345000 44.035500 1.759375 1.486397 2.567932 2.213020
-124.323200 44.003100 1.949602 1.616609 3.137961 2.396485
-124.317000 43.980000 1.997924 1.607076 2.783533 2.584434
-124.310000 43.967000 1.955833 1.564158 2.624218 2.686844
-124.300000 43.954000 1.902334 1.521976 2.927048 2.531756
-124.293000 43.945000 1.868012 1.478698 2.737976 2.348097
-124.288000 43.927000 1.737952 1.354564 2.263182 2.320477
-124.284000 43.913000 1.646475 1.284156 2.340061 2.129516
-124.280000 43.900000 1.548786 1.197082 2.360432 2.024317
-124.279000 43.880000 1.440638 1.152900 2.351599 2.013570
-124.273000 43.867000 1.305798 1.140064 2.073699 1.947579
-124.280000 43.855000 1.228004 1.138618 2.032849 2.106643
-124.289000 43.847000 1.186515 1.130661 2.199281 2.241342
-124.291000 43.827000 1.138843 1.110550 2.921677 2.619713
-124.293000 43.811000 1.181169 1.180609 2.628447 2.381666
-124.300000 43.795000 1.290187 1.290027 2.880554 2.196170
-124.300000 43.785000 1.369223 1.368655 2.803939 1.889215
-124.293000 43.773000 1.368274 1.367657 2.228474 1.753604
-124.300000 43.760000 1.475492 1.475359 1.872225 1.422814
-124.306000 43.747000 1.511724 1.511732 1.964300 1.559026
-124.300000 43.733000 1.497848 1.497907 2.220442 1.526804
-124.302000 43.720000 1.511215 1.511145 2.241255 1.573158
-124.300000 43.706000 1.521643 1.521064 2.046774 1.563760
-124.300000 43.688000 1.516666 1.516749 2.001332 1.581493
-124.300000 43.673000 1.519183 1.518891 2.098149 1.693940
-124.303000 43.653000 1.628598 1.519967 2.209957 1.851355
-124.307000 43.640000 1.724277 1.490638 2.202169 1.884747
-124.313000 43.622000 1.759601 1.566571 2.021836 1.892221
-124.317000 43.607000 1.747911 1.622736 1.913529 1.867234
-124.320000 43.593000 1.731969 1.643099 1.925053 1.956510
-124.327000 43.577000 1.733680 1.713904 2.144847 1.915692
-124.330000 43.560000 1.875122 1.844515 2.249021 1.778989
-124.337000 43.547000 1.959214 1.939308 2.472469 1.808708
-124.347000 43.537000 2.006967 2.002802 2.435165 1.944400
-124.354000 43.527000 2.056976 2.044055 2.175480 1.977770
-124.360000 43.507000 2.276286 2.118803 2.326184 2.061805
-124.367000 43.498000 2.396207 2.147575 2.457805 2.217458
-124.377000 43.487000 2.575638 2.198344 2.434597 2.416329
-124.387000 43.475000 2.688386 2.246270 2.743021 2.458763
-124.409000 43.453000 2.710845 2.259466 2.544778 2.569872
-124.420000 43.445000 2.578960 2.218237 2.484187 2.572085
-124.428000 43.433000 2.485190 2.199304 2.504895 2.563987
-124.435000 43.420000 2.489766 2.163275 2.526633 2.570952
-124.440000 43.406000 2.515361 2.113938 2.541092 2.443265
-124.453000 43.394000 2.488059 2.105560 2.570616 2.388215
-124.461000 43.387000 2.500863 2.071568 2.559131 2.292392
-124.469000 43.373000 2.380865 1.978933 2.565270 2.141486
-124.480000 43.364000 2.325151 1.911077 2.498702 2.027369
-124.487000 43.352000 2.168045 1.814683 2.401920 2.115517
-124.498000 43.340000 2.075134 1.700418 2.323174 2.060287
-124.507000 43.330000 2.049814 1.593016 2.344164 2.024300
-124.513000 43.315000 2.064964 1.543541 2.304733 2.008971
-124.520000 43.307000 2.031983 1.506090 2.150180 2.022800
-124.527000 43.293000 2.215290 1.560154 2.001858 1.910686
-124.540000 43.286000 2.231497 1.533627 1.798432 1.677939
-124.553000 43.276000 2.035696 1.533285 1.965393 1.580675
-124.562000 43.267000 1.895509 1.488565 2.127310 1.816155
-124.572000 43.253000 1.554781 1.352656 2.095848 1.893546
-124.580000 43.245000 1.582222 1.264208 1.932815 1.747802
-124.587000 43.233000 1.651233 1.215906 1.925726 1.767172
-124.593000 43.216000 1.596673 1.315213 2.049803 1.807784
-124.593000 43.205000 1.597276 1.276156 2.077929 1.950414
-124.586000 43.193000 1.789574 1.399951 2.187181 2.143627
-124.576000 43.180000 1.564465 1.511634 2.396519 2.282039
-124.573000 43.166000 1.904235 1.610194 2.467408 2.246993
-124.576000 43.153000 2.006295 1.627538 2.777791 2.272329
-124.573000 43.138000 2.430358 1.699396 2.941113 2.327698
-124.572000 43.120000 2.143939 1.818414 3.046335 2.265164
-124.575000 43.107000 2.269259 1.856926 2.721030 2.314124
-124.572000 43.093000 2.190569 1.934051 2.783842 2.493847
-124.568000 43.073000 2.484384 2.012153 2.428523 2.197750
-124.567000 43.066000 2.505674 2.029879 2.398253 1.948853
-124.573000 43.049000 2.202387 2.044494 2.066590 1.962160
-124.576000 43.033000 2.158653 2.204292 1.938952 2.052662
-124.581000 43.020000 2.120496 2.188241 2.077038 1.866526
-124.587000 43.007000 2.470530 2.170493 2.175977 1.899402
-124.596000 42.993000 2.593962 2.088335 2.064545 2.009377
-124.610000 42.987000 2.145053 2.045334 1.897407 1.990995
-124.620000 42.979000 2.070454 1.940218 1.938898 1.980747
-124.627000 42.967000 2.371292 1.786741 2.160592 1.945342
-124.640000 42.958000 2.014335 1.771833 2.391289 1.916292
-124.653000 42.947000 2.110931 1.798130 2.302812 1.829746
-124.658000 42.933000 2.074304 1.736900 2.093136 1.697326
-124.664000 42.920000 1.646689 1.497754 2.097347 1.487411
-124.668000 42.907000 1.608391 1.424093 2.006880 1.425007
-124.673000 42.889000 1.604506 1.338405 1.500626 1.446897
-124.676000 42.873000 1.428991 1.248266 1.540945 1.475558
-124.680000 42.859000 1.414455 1.262599 1.647025 1.427411
-124.687000 42.840000 1.392003 1.244725 1.583315 1.389488
-124.689000 42.827000 1.368346 1.368073 1.354329 1.245528
-124.683000 42.813000 1.378497 1.293680 1.339969 1.311024
-124.673000 42.801000 1.160824 1.160118 1.481722 1.299994
-124.670000 42.787000 1.207556 1.057630 1.406555 1.156465
-124.671000 42.767000 1.029993 0.965529 1.351771 0.922774
-124.660000 42.755000 1.046445 0.950110 1.320350 0.998041
-124.652000 42.747000 1.104378 0.904798 1.238545 1.114625
-124.640000 42.739000 1.014343 0.858333 1.276385 1.176844
-124.627000 42.729000 0.998946 0.887997 1.330782 1.324349
-124.617000 42.720000 0.954025 0.852072 1.467271 1.359958
-124.611000 42.707000 0.999519 0.838025 1.496358 1.348679
-124.600000 42.695000 0.989780 0.914869 1.518273 1.275976
-124.587000 42.689000 1.026851 0.907601 1.474686 1.281173
-124.589000 42.680000 1.031686 0.950758 1.510143 1.205992
-124.590000 42.660000 1.023521 1.013515 1.425074 1.067504
-124.593000 42.647000 1.145177 1.087412 1.308745 0.978735
-124.592000 42.633000 1.159099 1.079277 1.323512 1.200725
-124.589000 42.613000 1.091517 1.025667 1.559731 1.345918
-124.589000 42.593000 1.668525 1.085177 1.701500 1.373261
-124.593000 42.579000 1.689649 1.164829 1.746011 1.389915
-124.601000 42.567000 1.676462 1.232705 1.756553 1.373092
-124.609000 42.553000 1.333492 1.314010 1.541208 1.404800
-124.620000 42.541000 1.437750 1.365651 1.364093 1.401054
-124.622000 42.527000 1.480103 1.424873 1.410005 1.233922
-124.627000 42.511000 1.480224 1.444073 1.528543 1.152858
-124.640000 42.503000 1.415986 1.387837 1.162934 0.997503
-124.659000 42.500000 1.398288 1.398422 1.193391 1.037738
-124.669000 42.493000 1.555247 1.553634 1.244856 1.008527
-124.666000 42.480000 1.640845 1.639175 1.261180 1.052887
-124.653000 42.467000 1.611964 1.610224 1.311762 1.439675
-124.653000 42.460000 1.606497 1.605452 1.402905 1.348574
-124.660000 42.445000 1.565639 1.565123 1.153645 0.995318
-124.661000 42.427000 1.463376 1.321366 1.544884 1.236572
-124.640000 42.424000 1.959121 1.354482 1.677434 1.392275
-124.653000 42.417000 1.708745 1.257354 1.933075 1.299655
-124.628000 42.413000 2.030304 1.313078 2.056721 1.566686
-124.620000 42.403000 1.862085 1.263262 1.965873 1.346976
-124.611000 42.393000 1.873896 1.227065 2.024887 1.262097
-124.600000 42.384000 1.990364 1.322888 2.174776 1.335725
-124.587000 42.378000 2.210810 1.409618 2.278603 1.508333
-124.573000 42.373000 2.338752 1.469523 2.397939 1.563428
-124.559000 42.367000 2.711947 1.507631 2.467319 1.595334
-124.544000 42.360000 2.791537 1.509003 2.368872 1.581628
-124.533000 42.351000 2.756900 1.513435 2.155267 1.627690
-124.522000 42.340000 2.591233 1.516861 1.909723 1.618867
-124.516000 42.327000 2.106775 1.409202 1.734853 1.518598
-124.507000 42.315000 1.746850 1.410786 1.637722 1.502098
-124.500000 42.301000 1.797497 1.312412 1.771715 1.527035
-124.493000 42.293000 1.711375 1.240752 1.822589 1.602935
-124.491000 42.273000 1.922115 1.230737 1.758373 1.548677
-124.481000 42.260000 1.932627 1.555490 1.688137 1.550092
-124.476000 42.247000 1.820833 1.820921 1.615491 1.513359
-124.472000 42.233000 2.097652 2.097673 1.547929 1.342492
-124.467000 42.213000 2.523246 2.521798 1.299676 1.287545
-124.460000 42.200000 2.591413 2.590607 1.349567 1.327710
-124.454000 42.187000 2.723515 2.723588 1.468383 1.447457
-124.458000 42.167000 2.783603 2.783433 1.551267 1.547883
-124.465000 42.153000 2.686816 2.686245 1.613400 1.628180
-124.454000 42.140000 2.611996 2.610172 1.677653 1.682233
-124.452000 42.127000 2.379026 2.379170 1.749752 1.750239
-124.455000 42.113000 2.059532 2.059142 1.789762 1.759974
-124.460000 42.100000 1.950114 1.950179 1.790914 1.790648
-124.458000 42.087000 2.103752 1.967154 1.789274 1.778295
-124.453000 42.073000 2.694475 1.988827 1.966915 1.761400
-124.456000 42.060000 3.115254 1.981608 2.341501 1.593291
-124.447000 42.052000 2.954683 1.958961 2.226021 1.537980
-124.431000 42.047000 2.754227 1.960959 1.996757 1.609911
-124.420000 42.037000 2.481022 1.922542 1.690787 1.443282
-124.413000 42.027000 2.134328 1.841764 1.594131 1.478900
-124.405000 42.013000 3.128246 1.910930 2.189247 1.482060
-124.400000 42.000000 3.718892 2.099526 2.453179 1.389764
-124.395000 41.980000 3.327091 1.993834 2.409394 1.345421
-124.392000 41.967000 3.036463 1.839731 2.170834 1.474088
-124.388000 41.947000 2.665663 1.702632 1.957277 1.630029
-124.388000 41.927000 2.727293 1.876968 1.920042 1.899580
-124.391000 41.907000 2.820319 2.129809 2.279894 2.027876
-124.394000 41.893000 2.925886 2.387032 2.583470 2.148982
-124.399000 41.873000 3.057515 2.550400 2.801566 2.338246
-124.402000 41.860000 3.071521 2.627010 2.884093 2.416668
-124.405000 41.840000 3.001342 2.637531 2.860542 2.648669
-124.405000 41.820000 2.793159 2.525892 2.731483 2.741063
-124.403000 41.800000 2.726192 2.455058 2.780025 2.643186
-124.400000 41.786000 2.877435 2.490224 2.916511 2.594203
-124.393000 41.773000 3.196773 2.543993 3.040337 2.576353
-124.380000 41.761000 3.527530 2.567585 3.059796 2.543855
-124.371000 41.753000 3.718970 2.553268 3.033321 2.512969
-124.360000 41.740000 3.872962 2.504668 2.949861 2.399992
-124.361000 41.733000 3.955653 2.484350 2.950989 2.456025
-124.373000 41.722000 4.065656 2.453380 3.054864 2.622148
-124.380000 41.707000 3.956214 2.437502 3.084839 2.671311
-124.381000 41.693000 3.826029 2.446014 3.054687 2.632201
-124.380000 41.675000 3.596288 2.432857 3.018615 2.582757
-124.381000 41.667000 3.577441 2.433344 2.976157 2.559128
-124.383000 41.647000 3.613329 2.410848 2.853145 2.516566
-124.383000 41.627000 3.491242 2.442375 2.801837 2.464882
-124.380000 41.613000 3.398190 2.468041 2.839752 2.468019
-124.382000 41.600000 3.340544 2.508523 2.891617 2.520037
-124.380000 41.587000 3.364402 2.587988 3.020294 2.588661
-124.379000 41.567000 3.342444 2.741986 3.243578 2.627510
-124.383000 41.553000 3.365660 2.780361 3.345728 2.645299
-124.384000 41.533000 3.585444 2.804080 3.353554 2.572415
-124.383000 41.513000 3.376579 2.636744 3.171119 2.437875
-124.385000 41.493000 3.158476 2.465409 2.833960 2.163859
-124.387000 41.480000 2.853076 2.221122 2.667213 2.056940
-124.387000 41.460000 2.694114 2.104057 2.409089 1.899295
-124.385000 41.447000 2.622120 2.034281 2.435087 1.897252
-124.380000 41.428000 2.594113 2.037881 2.433465 1.879953
-124.377000 41.413000 2.521262 1.940968 2.376812 1.846134
-124.370000 41.400000 2.452380 1.893807 2.233292 1.754016
-124.360000 41.388000 2.304063 1.788700 2.144508 1.702946
-124.353000 41.380000 2.285026 1.772195 2.137772 1.658866
-124.346000 41.367000 2.211065 1.689284 1.987033 1.624285
-124.337000 41.353000 2.195336 1.635610 1.948922 1.577350
-124.333000 41.337000 2.072808 1.555929 1.767940 1.530737
-124.320000 41.329000 1.955838 1.539152 1.708467 1.446473
-124.313000 41.320000 1.886689 1.496276 1.691226 1.436993
-124.307000 41.300000 1.721927 1.488212 1.631239 1.456521
-124.304000 41.287000 1.768223 1.501369 1.657599 1.460471
-124.302000 41.267000 1.712117 1.510885 1.671325 1.444976
-124.293000 41.254000 1.653007 1.503275 1.663147 1.460293
-124.290000 41.240000 1.694859 1.500729 1.656439 1.465615
-124.285000 41.227000 1.719537 1.530776 1.690066 1.463866
-124.287000 41.212000 1.705966 1.519760 1.694801 1.477964
-124.289000 41.193000 1.626875 1.503764 1.694423 1.508943
-124.283000 41.180000 1.713099 1.536519 1.751350 1.542589
-124.278000 41.167000 1.779058 1.612731 1.788266 1.604028
-124.280000 41.152000 1.833166 1.655893 1.831788 1.627557
-124.284000 41.133000 1.829722 1.630602 1.836068 1.651375
-124.287000 41.120000 1.795111 1.598768 1.764508 1.674320
-124.289000 41.100000 1.729742 1.575903 1.767489 1.680222
-124.291000 41.080000 1.804173 1.582496 1.762817 1.725727
-124.293000 41.062000 1.945525 1.605704 1.797203 1.793505
-124.295000 41.047000 2.066589 1.665188 1.880593 1.786817
-124.300000 41.031000 2.174056 1.759911 1.974195 1.745337
-124.304000 41.013000 2.153056 1.814959 2.040719 1.763512
-124.307000 41.000000 2.071042 1.828151 2.070680 1.725247
-124.314000 40.987000 2.024943 1.824403 2.074609 1.684653
-124.318000 40.967000 1.891020 1.707066 1.902897 1.661599
-124.322000 40.953000 1.766721 1.621363 1.740186 1.583725
-124.329000 40.940000 1.711709 1.538562 1.632539 1.539040
-124.333000 40.923000 1.737773 1.450518 1.658590 1.453058
-124.337000 40.907000 1.823029 1.522242 1.529580 1.472786
-124.342000 40.893000 1.852944 1.564948 1.562246 1.530887
-124.349000 40.880000 1.833044 1.573907 1.597435 1.580553
-124.356000 40.867000 1.902700 1.651421 1.649461 1.641520
-124.364000 40.853000 2.060781 1.670119 1.742326 1.642147
-124.373000 40.840000 2.191764 1.721057 1.850805 1.683391
-124.380000 40.831000 2.249177 1.699191 1.876377 1.725658
-124.391000 40.820000 2.326006 1.726014 1.951827 1.763772
-124.400000 40.811000 2.456575 1.803983 2.046602 1.736243
-124.411000 40.800000 2.571584 1.870519 2.142164 1.797141
-124.420000 40.788000 2.612107 1.905489 2.194266 1.874074
-124.427000 40.780000 2.676768 1.955888 2.234915 1.929140
-124.437000 40.767000 2.647265 2.016346 2.333300 1.953174
-124.447000 40.755000 2.609429 2.012537 2.340441 2.003063
-124.453000 40.746000 2.576475 2.035046 2.345785 2.027552
-124.460000 40.733000 2.565231 2.036049 2.324570 2.077984
-124.468000 40.720000 2.539828 2.064939 2.315575 2.049583
-124.475000 40.707000 2.401615 2.025079 2.289311 2.033861
-124.478000 40.687000 2.170725 1.940288 2.113618 1.974489
-124.478000 40.667000 1.854887 1.801484 1.853780 1.863267
-124.467000 40.653000 1.784133 1.724294 1.750261 1.714662
-124.467000 40.641000 1.742874 1.682755 1.715725 1.703661
-124.471000 40.627000 1.763142 1.665858 1.718163 1.692872
-124.461000 40.613000 1.693438 1.625011 1.662807 1.680435
-124.467000 40.600000 1.684941 1.602064 1.651173 1.666417
-124.478000 40.587000 1.635454 1.568951 1.628663 1.609344
-124.485000 40.573000 1.612506 1.542700 1.597434 1.575069
-124.493000 40.564000 1.654093 1.592360 1.641141 1.608326
-124.513000 40.562000 1.791085 1.708116 1.738372 1.683719
-124.527000 40.556000 1.673054 1.656558 1.668528 1.698365
-124.540000 40.549000 1.767387 1.611236 1.637177 1.573443
-124.551000 40.540000 1.845032 1.653414 1.755915 1.572742
-124.560000 40.532000 1.757843 1.597039 1.745344 1.636137
-124.572000 40.520000 1.818239 1.539440 1.576894 1.443068
-124.578000 40.507000 1.510621 1.259618 1.313752 1.302666
-124.579000 40.487000 1.273738 0.991348 1.369274 1.316005
-124.580000 40.480000 1.592180 1.001659 1.418177 1.202112
-124.573000 40.467000 1.419019 0.926155 1.342369 1.195119
-124.566000 40.453000 1.279369 0.931622 1.052861 1.093741
-124.532900 40.429100 1.005838 0.929119 0.935424 0.936812
-124.498300 40.410100 1.042094 0.865498 0.912612 0.940844
-124.476500 40.404500 0.956379 0.853733 0.900304 0.964992
-124.455600 40.396400 1.005122 0.775805 0.824493 0.869676
-124.431300 40.385200 0.903791 0.797560 0.826525 0.868759
-124.413500 40.375400 1.012152 0.880525 0.893440 0.901477
-124.425500 40.365100 1.013888 0.822761 0.833823 0.853148
-124.447600 40.344600 0.905952 0.825279 0.835142 0.820081
-124.439700 40.324600 1.042158 0.798606 0.845699 0.844752
-124.427800 40.307100 0.819384 0.739949 0.777954 0.783133
-124.410600 40.289900 0.764857 0.715081 0.789326 0.799000
-124.441100 40.269900 0.741348 0.662440 0.691452 0.717184
-124.449400 40.250900 0.683370 0.657419 0.710834 0.691295
-124.433200 40.232900 0.758230 0.684887 0.772731 0.747476
-124.409700 40.217600 0.762788 0.713395 0.792557 0.811853
-124.378400 40.211600 0.817578 0.768371 0.859886 0.882709
-124.355900 40.195400 0.712102 0.708614 0.770813 0.760051
-124.332500 40.180100 0.647433 0.615563 0.680173 0.713064
-124.309000 40.164000 0.578124 0.558498 0.670537 0.636807
-124.288400 40.158300 0.617481 0.564373 0.742901 0.615734
-124.268700 40.150200 0.586249 0.546689 0.664508 0.577953
-124.247700 40.138000 0.573148 0.536518 0.634706 0.609294
-124.241100 40.120400 0.573837 0.510379 0.644718 0.554795
-124.224100 40.104000 0.570124 0.559701 0.608357 0.570477
-124.201000 40.092800 0.583883 0.578453 0.660977 0.625915
-124.143500 40.092600 0.706635 0.663447 0.742192 0.725618
-124.129300 40.087400 0.725914 0.681720 0.791651 0.692948
-124.173800 40.084100 0.676970 0.551631 0.614027 0.642563
-124.120000 40.075600 0.792212 0.748052 0.893969 0.887062
-124.132400 40.053200 0.576748 0.510567 0.729275 0.610203
-124.140700 40.035000 0.486278 0.462107 0.569470 0.576504
-124.139500 40.016300 0.491624 0.462339 0.571043 0.566569
-124.139900 40.006600 0.495757 0.464517 0.551336 0.544600
-124.140000 39.992800 0.489660 0.476707 0.517420 0.520798
-124.140000 39.984000 0.571583 0.481684 0.541172 0.577617
-124.137000 39.973000 0.562675 0.492085 0.598994 0.628137
-124.133000 39.961000 0.609746 0.504691 0.601660 0.524549
-124.130000 39.953000 0.551336 0.494421 0.498331 0.492749
-124.127000 39.945000 0.490369 0.474487 0.490247 0.487159
-124.120000 39.937000 0.489127 0.459014 0.540262 0.476166
-124.113000 39.929000 0.497277 0.450756 0.564280 0.459696
-124.107000 39.921000 0.474414 0.436919 0.578802 0.472883
-124.100000 39.916000 0.474230 0.442746 0.744461 0.471405
-124.093000 39.912000 0.475494 0.449460 0.845365 0.480349
-124.087000 39.905000 0.476328 0.445498 0.783848 0.564235
-124.080000 39.899000 0.478997 0.451494 0.774101 0.615635
-124.073000 39.892000 0.502052 0.454060 1.107475 0.651603
-124.066000 39.887000 0.533166 0.462527 1.323195 0.653365
-124.053000 39.880000 0.549213 0.474670 1.382595 0.647474
-124.047000 39.875000 0.542461 0.544005 1.211340 0.561896
-124.039000 39.873000 0.584097 0.630868 1.185857 0.598988
-124.027000 39.869000 0.657675 0.625417 1.067017 0.565240
-124.000000 39.868000 0.778897 0.704369 0.870656 0.558942
-123.987000 39.868000 0.764327 0.688747 0.916105 0.567743
-124.013000 39.867000 0.683095 0.671243 0.958311 0.577016
-123.980000 39.864000 0.754755 0.687162 0.863155 0.567743
-123.971000 39.860000 0.712441 0.695381 0.872955 0.583861
-123.962000 39.853000 0.722851 0.689491 0.881109 0.598844
-123.954000 39.847000 0.712241 0.674580 0.920800 0.617886
-123.947000 39.840000 0.740853 0.704853 0.947358 0.593410
-123.941000 39.833000 0.772465 0.719109 0.983900 0.601813
-123.936000 39.827000 0.777856 0.702894 1.027830 0.576533
-123.930000 39.820000 0.832383 0.736300 0.960488 0.564474
-123.924000 39.813000 0.902542 0.742081 0.911261 0.570045
-123.918000 39.807000 0.893291 0.750996 0.957000 0.628486
-123.913000 39.800000 0.761654 0.705825 0.992411 0.602636
-123.907000 39.789000 0.715277 0.672415 0.935040 0.661874
-123.902000 39.780000 0.792942 0.691166 0.830713 0.773153
-123.899000 39.773000 0.809673 0.687714 0.837117 0.725811
-123.895000 39.760000 0.756435 0.696505 0.823469 0.694503
-123.892000 39.753000 0.812439 0.767798 0.799669 0.698720
-123.887000 39.747000 0.839412 0.836090 0.779120 0.717771
-123.880000 39.736000 0.886553 0.854004 0.810312 0.720192
-123.874000 39.727000 0.902867 0.807012 0.816405 0.755768
-123.871000 39.720000 0.876876 0.817961 0.816808 0.771407
-123.868000 39.707000 0.825588 0.753096 0.842415 0.819096
-123.867000 39.693000 0.854065 0.704125 0.856152 0.827887
-123.866000 39.687000 0.852549 0.695730 0.844258 0.803609
-123.863000 39.673000 0.726426 0.695816 0.861030 0.786060
-123.860000 39.663000 0.746443 0.701604 0.886873 0.794598
-123.857000 39.653000 0.764232 0.662016 0.965022 0.731830
-123.855000 39.640000 0.740895 0.663627 1.018775 0.729945
-123.853000 39.633000 0.773318 0.682201 1.021099 0.791338
-123.852000 39.620000 0.771839 0.684284 1.093001 0.836973
-123.850000 39.607000 0.664686 0.621917 1.108520 0.834407
-123.850000 39.593000 0.682646 0.622619 1.012964 0.850519
-123.851000 39.580000 0.651477 0.609550 0.977151 0.881660
-123.853000 39.572000 0.671236 0.578766 0.981901 0.889157
-123.853000 39.560000 0.687016 0.566966 1.006426 0.897689
-123.855000 39.547000 0.744972 0.616401 0.969726 0.862558
-123.853000 39.536000 0.699454 0.598843 0.915935 0.863487
-123.853000 39.527000 0.650302 0.562343 0.938117 0.868189
-123.853000 39.518000 0.583265 0.559710 1.006490 0.864403
-123.855000 39.507000 0.549876 0.560524 1.016303 0.865177
-123.859000 39.493000 0.530324 0.475404 1.149973 0.924300
-123.860000 39.487000 0.522051 0.468453 1.217784 0.975571
-123.863000 39.473000 0.577032 0.468691 1.267899 1.013193
-123.864000 39.460000 0.636708 0.498980 1.321786 1.028474
-123.866000 39.447000 0.618006 0.508979 1.150094 0.999655
-123.867000 39.440000 0.618977 0.513606 1.117536 0.972296
-123.871000 39.427000 0.629960 0.516167 0.955209 1.022454
-123.872000 39.413000 0.657094 0.520337 0.932301 1.040607
-123.873000 39.403000 0.627119 0.514765 0.890130 0.941870
-123.880000 39.394000 0.581669 0.510524 0.901730 0.872574
-123.887000 39.387000 0.658526 0.502934 0.929509 0.814056
-123.893000 39.384000 0.646232 0.500962 0.933556 0.876261
-123.893000 39.376000 0.657384 0.504351 0.937427 0.848180
-123.887000 39.367000 0.632608 0.509908 0.926514 0.722107
-123.880000 39.360000 0.632374 0.519470 0.889184 0.703272
-123.873000 39.359000 0.639329 0.526387 0.820716 0.765598
-123.865000 39.353000 0.654352 0.554748 0.748013 0.728460
-123.860000 39.341000 0.676335 0.601977 0.816794 0.788468
-123.859000 39.333000 0.680776 0.587485 0.774476 0.701871
-123.860000 39.327000 0.679546 0.574081 0.747961 0.680473
-123.858000 39.320000 0.670617 0.568847 0.757444 0.731581
-123.853000 39.311000 0.654893 0.575692 0.806963 0.694985
-123.849000 39.300000 0.646388 0.579214 0.827013 0.706628
-123.848000 39.287000 0.644534 0.573308 0.803204 0.780227
-123.847000 39.279000 0.756431 0.581574 0.822180 0.739827
-123.845000 39.267000 0.796870 0.577360 0.790433 0.790320
-123.843000 39.253000 0.742326 0.581247 0.798954 0.799958
-123.840000 39.244000 0.852594 0.576847 0.793713 0.727226
-123.833000 39.236000 0.746475 0.588904 0.819942 0.741198
-123.829000 39.227000 0.718415 0.588703 0.792964 0.717665
-123.826000 39.220000 0.729894 0.596151 0.804142 0.693965
-123.822000 39.207000 0.729554 0.593425 0.757696 0.647469
-123.819000 39.200000 0.665634 0.583536 0.760172 0.686134
-123.813000 39.188000 0.679731 0.585095 0.756450 0.637867
-123.812000 39.180000 0.641398 0.573324 0.752899 0.680842
-123.809000 39.167000 0.651013 0.562728 0.734842 0.623331
-123.808000 39.153000 0.641188 0.543261 0.675890 0.614785
-123.812000 39.140000 0.598606 0.541752 0.762791 0.644885
-123.813000 39.130000 0.623375 0.496163 0.749802 0.563615
-123.820000 39.126000 0.622591 0.482863 0.635044 0.541224
-123.827000 39.120000 0.622358 0.482407 0.679853 0.541800
-123.827000 39.107000 0.618142 0.460704 0.651845 0.571278
-123.832000 39.093000 0.543936 0.488573 0.670809 0.487257
-123.835000 39.087000 0.523405 0.481169 0.656833 0.490678
-123.837000 39.073000 0.503259 0.434305 0.585129 0.525778
-123.838000 39.060000 0.471296 0.463979 0.631333 0.475747
-123.840000 39.052000 0.534396 0.446511 0.585780 0.469557
-123.840000 39.040000 0.532936 0.470272 0.610302 0.494859
-123.837000 39.033000 0.544645 0.483034 0.631715 0.484678
-123.833000 39.022000 0.500958 0.488008 0.638784 0.495645
-123.833000 39.013000 0.499667 0.478369 0.623972 0.479063
-123.830000 39.000000 0.483037 0.467846 0.586717 0.457926
