The ASCE data was (gauge no, long, lat, asce1, asce2, asce3: 
1.0 -125.119 48.613 100.0 6.4 46.0
2.0 -125.1 48.607 100.0 6.4 47.0
3.0 -125.087 48.603 100.0 6.4 47.0
4.0 -125.074 48.593 100.0 6.71 47.0
5.0 -125.067 48.58 100.0 6.4 46.0
6.0 -125.074 48.567 100.0 6.4 44.0
7.0 -125.08 48.553 100.0 6.1 41.0
8.0 -125.073 48.544 100.0 6.1 39.0
9.0 -125.06 48.534 100.0 6.4 37.0
10.0 -125.052 48.527 100.0 7.01 35.0
11.0 -125.041 48.513 100.0 7.32 34.0
12.0 -125.033 48.506 100.0 7.92 31.0
13.0 -125.021 48.493 100.0 8.23 29.0
14.0 -125.008 48.487 100.0 8.53 26.0
15.0 -125.001 48.473 100.0 8.53 24.0
16.0 -124.987 48.47 100.0 8.53 23.0
17.0 -124.814 48.373 100.0 6.1 54.0
18.0 -124.827 48.362 100.0 6.1 54.0
19.0 -124.836 48.353 100.0 6.1 53.0
20.0 -124.847 48.343 100.0 6.1 52.0
21.0 -124.855 48.333 100.0 6.1 51.0
22.0 -124.865 48.32 100.0 6.4 49.0
23.0 -124.873 48.31 100.0 6.4 49.0
24.0 -124.881 48.3 100.0 6.4 49.0
25.0 -124.89 48.287 100.0 6.1 49.0
26.0 -124.9 48.274 100.0 5.49 44.0
27.0 -124.907 48.264 100.0 5.18 35.0
28.0 -124.913 48.247 100.0 4.88 30.0
29.0 -124.917 48.233 100.0 4.88 32.0
30.0 -124.92 48.217 100.0 4.57 36.0
31.0 -124.927 48.207 100.0 4.57 43.0
32.0 -124.933 48.187 100.0 4.88 43.0
33.0 -124.934 48.173 100.0 4.88 35.0
34.0 -124.936 48.153 100.0 5.18 31.0
35.0 -124.94 48.139 100.0 5.18 28.0
36.0 -124.944 48.12 100.0 5.79 31.0
37.0 -124.953 48.0967 100.0 6.1 38.0
38.0 -124.9604 48.0774 100.0 6.1 41.0
39.0 -124.9642 48.0449 100.0 6.4 43.0
40.0 -124.9646 48.015 100.0 6.4 44.0
41.0 -124.964 47.987 100.0 6.71 40.0
42.0 -124.958 47.973 100.0 6.71 33.0
43.0 -124.95 47.96 100.0 7.32 28.0
44.0 -124.946 47.947 100.0 7.01 26.0
45.0 -124.94 47.93 100.0 6.71 26.0
46.0 -124.938 47.913 100.0 7.01 30.0
47.0 -124.933 47.9 100.0 7.01 35.0
48.0 -124.927 47.886 100.0 7.01 38.0
49.0 -124.916 47.873 100.0 6.71 41.0
50.0 -124.907 47.862 100.0 6.71 43.0
51.0 -124.907 47.852 100.0 6.71 45.0
52.0 -124.913 47.838 100.0 6.71 38.0
53.0 -124.913 47.826 100.0 6.71 31.0
54.0 -124.912 47.8149 100.0 6.71 33.0
55.0 -124.908 47.8049 100.0 6.71 34.0
56.0 -124.904 47.7863 100.0 6.71 34.0
57.0 -124.898 47.7687 100.0 6.71 34.0
58.0 -124.892 47.7532 100.0 6.71 34.0
59.0 -124.884 47.7353 100.0 6.71 34.0
60.0 -124.874 47.7219 100.0 6.71 34.0
61.0 -124.866 47.7069 100.0 6.71 34.0
62.0 -124.856 47.6951 100.0 6.4 34.0
63.0 -124.847 47.6833 100.0 6.1 38.0
64.0 -124.84 47.6749 100.0 6.1 38.0
65.0 -124.838 47.667 100.0 6.1 38.0
66.0 -124.833 47.653 100.0 6.1 38.0
67.0 -124.83 47.633 100.0 6.1 38.0
68.0 -124.824 47.62 100.0 6.1 38.0
69.0 -124.813 47.607 100.0 6.1 38.0
70.0 -124.807 47.597 100.0 6.1 38.0
71.0 -124.795 47.587 100.0 6.1 38.0
72.0 -124.788 47.573 100.0 6.1 37.0
73.0 -124.78 47.56 100.0 5.79 39.0
74.0 -124.774 47.547 100.0 5.49 40.0
75.0 -124.77 47.533 100.0 5.49 40.0
76.0 -124.76 47.521 100.0 5.79 40.0
77.0 -124.753 47.513 100.0 6.1 41.0
78.0 -124.745 47.5 100.0 5.79 42.0
79.0 -124.733 47.488 100.0 5.18 42.0
80.0 -124.731 47.473 100.0 5.18 42.0
81.0 -124.734 47.46 100.0 5.49 42.0
82.0 -124.727 47.447 100.0 6.1 43.0
83.0 -124.719 47.44 100.0 5.79 43.0
84.0 -124.709 47.427 100.0 5.49 43.0
85.0 -124.701 47.413 100.0 5.49 43.0
86.0 -124.693 47.404 100.0 6.1 42.0
87.0 -124.689 47.387 100.0 5.79 42.0
88.0 -124.686 47.373 100.0 6.1 42.0
89.0 -124.678 47.36 100.0 5.49 43.0
90.0 -124.677 47.34 100.0 5.79 44.0
91.0 -124.673 47.322 100.0 5.79 45.0
92.0 -124.672 47.307 100.0 5.18 45.0
93.0 -124.672 47.287 100.0 5.79 44.0
94.0 -124.673 47.272 100.0 5.49 42.0
95.0 -124.672 47.26 100.0 5.79 40.0
96.0 -124.67 47.24 100.0 6.4 38.0
97.0 -124.676 47.227 100.0 6.71 34.0
98.0 -124.681 47.213 100.0 7.32 31.0
99.0 -124.679 47.2 100.0 7.62 27.0
100.0 -124.677 47.18 100.0 8.84 24.0
101.0 -124.68 47.16 100.0 8.84 23.0
102.0 -124.68 47.153 100.0 8.84 23.0
103.0 -124.673 47.133 100.0 7.92 24.0
104.0 -124.68 47.127 100.0 7.92 26.0
105.0 -124.682 47.113 100.0 7.32 28.0
106.0 -124.682 47.093 100.0 7.62 26.0
107.0 -124.678 47.08 100.0 7.32 27.0
108.0 -124.671 47.067 100.0 7.32 27.0
109.0 -124.666 47.053 100.0 7.92 27.0
110.0 -124.66 47.036 100.0 8.23 28.0
111.0 -124.655 47.02 100.0 7.92 29.0
112.0 -124.653 47.003 100.0 7.32 31.0
113.0 -124.647 46.992 100.0 7.01 34.0
114.0 -124.635 46.98 100.0 7.01 35.0
115.0 -124.627 46.969 100.0 7.32 33.0
116.0 -124.621 46.953 100.0 7.62 31.0
117.0 -124.613 46.94 100.0 7.92 28.0
118.0 -124.607 46.932 100.0 7.92 27.0
119.0 -124.593 46.922 100.0 7.92 31.0
120.0 -124.586 46.913 100.0 7.92 34.0
121.0 -124.582 46.893 100.0 8.23 34.0
122.0 -124.573 46.88 100.0 8.84 32.0
123.0 -124.566 46.873 100.0 8.84 30.0
124.0 -124.565 46.853 100.0 8.53 27.0
125.0 -124.56 46.833 100.0 7.32 26.0
126.0 -124.557 46.82 100.0 7.62 26.0
127.0 -124.547 46.813 100.0 7.92 26.0
128.0 -124.533 46.803 100.0 7.62 27.0
129.0 -124.528 46.787 100.0 6.71 29.0
130.0 -124.522 46.773 100.0 6.71 32.0
131.0 -124.521 46.753 100.0 5.49 36.0
132.0 -124.513 46.74 100.0 5.18 40.0
133.0 -124.507 46.731 100.0 5.18 43.0
134.0 -124.499 46.72 100.0 5.18 44.0
135.0 -124.493 46.707 100.0 4.88 45.0
136.0 -124.486 46.693 100.0 4.88 44.0
137.0 -124.476 46.68 100.0 4.57 44.0
138.0 -124.474 46.66 100.0 4.88 43.0
139.0 -124.467 46.649 100.0 4.88 43.0
140.0 -124.453 46.641 100.0 4.88 43.0
141.0 -124.445 46.633 100.0 4.88 43.0
142.0 -124.44 46.62 100.0 4.88 42.0
143.0 -124.434 46.6 100.0 4.57 42.0
144.0 -124.432 46.587 100.0 4.57 41.0
145.0 -124.433 46.567 100.0 4.57 40.0
146.0 -124.433 46.555 100.0 5.18 39.0
147.0 -124.429 46.54 100.0 4.88 38.0
148.0 -124.425 46.527 100.0 4.88 38.0
149.0 -124.42 46.515 100.0 5.18 37.0
150.0 -124.42 46.5 100.0 5.18 37.0
151.0 -124.415 46.487 100.0 5.18 37.0
152.0 -124.414 46.467 100.0 4.88 38.0
153.0 -124.412 46.453 100.0 4.27 39.0
154.0 -124.41 46.433 100.0 4.27 38.0
155.0 -124.407 46.417 100.0 5.18 35.0
156.0 -124.402 46.4 100.0 5.79 31.0
157.0 -124.393 46.389 100.0 6.71 25.0
158.0 -124.385 46.38 100.0 7.92 21.0
159.0 -124.377 46.367 100.0 8.23 18.0
160.0 -124.37 46.353 100.0 8.53 19.0
161.0 -124.36 46.343 100.0 7.92 22.0
162.0 -124.348 46.333 100.0 7.32 26.0
163.0 -124.34 46.326 100.0 6.71 29.0
164.0 -124.33 46.313 100.0 6.4 30.0
165.0 -124.322 46.3 100.0 5.18 31.0
166.0 -124.316 46.287 100.0 4.88 32.0
167.0 -124.31 46.273 100.0 5.18 33.0
168.0 -124.304 46.26 100.0 5.18 34.0
169.0 -124.302 46.24 100.0 5.49 36.0
170.0 -124.299 46.227 100.0 5.18 36.0
171.0 -124.293 46.207 100.0 6.1 35.0
172.0 -124.284 46.2 100.0 6.4 34.0
173.0 -124.288 46.187 100.0 7.01 33.0
174.0 -124.297 46.173 100.0 7.01 32.0
175.0 -124.29 46.16 100.0 6.4 32.0
176.0 -124.287 46.147 100.0 7.01 32.0
177.0 -124.292 46.133 100.0 6.71 32.0
178.0 -124.295 46.12 100.0 6.1 31.0
179.0 -124.29 46.107 100.0 7.32 28.0
180.0 -124.284 46.093 100.0 7.62 25.0
181.0 -124.276 46.08 100.0 8.84 20.0
182.0 -124.27 46.067 100.0 10.67 16.0
183.0 -124.265 46.053 100.0 10.97 15.0
184.0 -124.26 46.04 100.0 9.75 15.0
185.0 -124.253 46.026 100.0 8.23 16.0
186.0 -124.243 46.013 100.0 8.53 17.0
187.0 -124.237 46.0 100.0 8.53 18.0
188.0 -124.228 45.987 100.0 7.92 18.0
189.0 -124.22 45.973 100.0 6.4 19.0
190.0 -124.216 45.96 100.0 5.79 20.0
191.0 -124.213 45.946 100.0 6.1 21.0
192.0 -124.205 45.933 100.0 6.4 21.0
193.0 -124.2 45.917 100.0 6.1 21.0
194.0 -124.193 45.903 100.0 6.4 21.0
195.0 -124.189 45.887 100.0 6.4 21.0
196.0 -124.182 45.873 100.0 6.1 20.0
197.0 -124.18 45.853 100.0 6.1 20.0
198.0 -124.179 45.84 100.0 6.4 20.0
199.0 -124.18 45.831 100.0 6.71 20.0
200.0 -124.175 45.813 100.0 6.71 20.0
201.0 -124.173 45.798 100.0 7.01 20.0
202.0 -124.168 45.78 100.0 7.01 20.0
203.0 -124.166 45.767 100.0 6.1 20.0
204.0 -124.164 45.747 100.0 6.1 20.0
205.0 -124.164 45.727 100.0 5.49 19.0
206.0 -124.16 45.711 100.0 6.1 18.0
207.0 -124.161 45.7 100.0 6.1 16.0
208.0 -124.162 45.68 100.0 6.1 16.0
209.0 -124.161 45.66 100.0 6.4 16.0
210.0 -124.163 45.64 100.0 6.4 18.0
211.0 -124.16 45.627 100.0 5.79 19.0
212.0 -124.154 45.607 100.0 6.1 22.0
213.0 -124.153 45.597 100.0 6.1 22.0
214.0 -124.151 45.587 100.0 5.79 22.0
215.0 -124.147 45.572 100.0 5.18 21.0
216.0 -124.142 45.553 100.0 5.49 22.0
217.0 -124.139 45.54 100.0 5.79 23.0
218.0 -124.137 45.52 100.0 5.79 22.0
219.0 -124.136 45.5 100.0 6.1 22.0
220.0 -124.135 45.48 100.0 6.1 22.0
221.0 -124.132 45.467 100.0 6.71 20.0
222.0 -124.133 45.447 100.0 6.4 20.0
223.0 -124.133 45.439 100.0 6.4 21.0
224.0 -124.125 45.427 100.0 7.01 20.0
225.0 -124.127 45.409 100.0 7.01 19.0
226.0 -124.128 45.393 100.0 7.01 19.0
227.0 -124.125 45.38 100.0 7.01 19.0
228.0 -124.128 45.367 100.0 6.71 19.0
229.0 -124.126 45.353 100.0 6.71 20.0
230.0 -124.128 45.34 100.0 6.4 22.0
231.0 -124.13 45.32 100.0 6.71 23.0
232.0 -124.127 45.301 100.0 7.01 24.0
233.0 -124.126 45.287 100.0 7.01 25.0
234.0 -124.127 45.273 100.0 7.32 26.0
235.0 -124.129 45.253 100.0 8.23 27.0
236.0 -124.129 45.233 100.0 7.01 28.0
237.0 -124.128 45.213 100.0 7.32 27.0
238.0 -124.129 45.193 100.0 6.71 26.0
239.0 -124.133 45.176 100.0 5.79 24.0
240.0 -124.136 45.16 100.0 6.1 22.0
241.0 -124.138 45.14 100.0 6.71 19.0
242.0 -124.14 45.127 100.0 7.01 19.0
243.0 -124.139 45.113 100.0 7.32 18.0
244.0 -124.143 45.1 100.0 7.62 18.0
245.0 -124.14 45.08 100.0 7.62 17.0
246.0 -124.142 45.073 100.0 7.62 18.0
247.0 -124.147 45.06 100.0 7.62 22.0
248.0 -124.152 45.04 100.0 7.32 27.0
249.0 -124.152 45.02 100.0 7.01 31.0
250.0 -124.16 45.007 100.0 7.01 36.0
251.0 -124.167 44.999 100.0 6.71 37.0
252.0 -124.17 44.98 100.0 7.92 37.0
253.0 -124.171 44.96 100.0 7.92 37.0
254.0 -124.18 44.947 100.0 7.62 39.0
255.0 -124.18 44.938 100.0 7.92 41.0
256.0 -124.18 44.924 100.0 8.23 42.0
257.0 -124.187 44.912 100.0 7.62 44.0
258.0 -124.193 44.899 100.0 7.01 44.0
259.0 -124.2 44.88 100.0 7.01 39.0
260.0 -124.205 44.867 100.0 7.01 34.0
261.0 -124.213 44.855 100.0 6.4 28.0
262.0 -124.22 44.845 100.0 6.4 22.0
263.0 -124.227 44.832 100.0 6.4 19.0
264.0 -124.235 44.82 100.0 6.4 18.0
265.0 -124.246 44.807 100.0 6.4 17.0
266.0 -124.253 44.799 100.0 6.4 17.0
267.0 -124.262 44.787 100.0 6.71 16.0
268.0 -124.269 44.773 100.0 6.71 16.0
269.0 -124.28 44.762 100.0 6.71 16.0
270.0 -124.29 44.753 100.0 6.4 17.0
271.0 -124.3 44.746 100.0 6.4 19.0
272.0 -124.314 44.74 100.0 6.4 21.0
273.0 -124.327 44.727 100.0 7.01 22.0
274.0 -124.36 44.725 100.0 7.32 23.0
275.0 -124.34 44.723 100.0 7.32 23.0
276.0 -124.379 44.72 100.0 7.62 23.0
277.0 -124.387 44.713 100.0 7.62 24.0
278.0 -124.4 44.707 100.0 7.01 25.0
279.0 -124.413 44.697 100.0 7.01 25.0
280.0 -124.427 44.691 100.0 7.32 26.0
281.0 -124.44 44.68 100.0 7.32 27.0
282.0 -124.44 44.672 100.0 7.62 28.0
283.0 -124.44 44.658 100.0 7.32 30.0
284.0 -124.455 44.653 100.0 7.01 32.0
285.0 -124.462 44.64 100.0 7.01 34.0
286.0 -124.467 44.627 100.0 7.01 35.0
287.0 -124.477 44.613 100.0 6.71 35.0
288.0 -124.48 44.596 100.0 6.71 35.0
289.0 -124.484 44.58 100.0 7.01 35.0
290.0 -124.492 44.567 100.0 7.01 35.0
291.0 -124.5 44.559 100.0 7.01 36.0
292.0 -124.506 44.54 100.0 7.01 36.0
293.0 -124.506 44.52 100.0 6.71 36.0
294.0 -124.515 44.513 100.0 7.32 35.0
295.0 -124.524 44.5 100.0 8.53 33.0
296.0 -124.533 44.49 100.0 8.84 31.0
297.0 -124.541 44.48 100.0 8.53 30.0
298.0 -124.548 44.467 100.0 8.23 29.0
299.0 -124.548 44.447 100.0 7.62 29.0
300.0 -124.54 44.436 100.0 7.62 30.0
301.0 -124.538 44.42 100.0 7.32 29.0
302.0 -124.547 44.409 100.0 7.32 30.0
303.0 -124.56 44.403 100.0 7.32 30.0
304.0 -124.573 44.4 100.0 7.01 29.0
305.0 -124.593 44.396 100.0 6.71 29.0
306.0 -124.607 44.391 100.0 6.4 28.0
307.0 -124.62 44.383 100.0 6.4 26.0
308.0 -124.633 44.376 100.0 6.4 25.0
309.0 -124.647 44.37 100.0 6.71 24.0
310.0 -124.658 44.36 100.0 7.01 24.0
311.0 -124.667 44.348 100.0 7.01 24.0
312.0 -124.665 44.34 100.0 7.01 24.0
313.0 -124.673 44.327 100.0 7.32 23.0
314.0 -124.682 44.32 100.0 7.62 23.0
315.0 -124.693 44.312 100.0 7.92 22.0
316.0 -124.711 44.307 100.0 8.23 21.0
317.0 -124.72 44.299 100.0 7.92 21.0
318.0 -124.581 44.293 100.0 7.62 46.0
319.0 -124.6 44.287 100.0 7.62 45.0
320.0 -124.578 44.287 100.0 7.62 47.0
321.0 -124.721 44.28 100.0 7.62 21.0
322.0 -124.611 44.28 100.0 7.62 44.0
323.0 -124.5 44.277 100.0 7.62 44.0
324.0 -124.567 44.275 100.0 7.92 48.0
325.0 -124.486 44.273 100.0 7.92 42.0
326.0 -124.553 44.271 100.0 8.53 49.0
327.0 -124.513 44.27 100.0 8.53 45.0
328.0 -124.533 44.268 100.0 8.84 47.0
329.0 -124.716 44.267 100.0 7.62 22.0
330.0 -124.613 44.26 100.0 7.62 44.0
331.0 -124.467 44.26 100.0 8.53 41.0
332.0 -124.707 44.258 100.0 7.32 24.0
333.0 -124.48 44.258 100.0 7.92 41.0
334.0 -124.693 44.252 100.0 7.01 27.0
335.0 -124.46 44.251 100.0 8.23 40.0
336.0 -124.619 44.247 100.0 7.62 44.0
337.0 -124.68 44.243 100.0 7.32 31.0
338.0 -124.629 44.24 100.0 7.62 42.0
339.0 -124.667 44.239 100.0 7.62 36.0
340.0 -124.647 44.238 100.0 7.62 40.0
341.0 -124.453 44.233 100.0 7.62 40.0
342.0 -124.447 44.227 100.0 7.62 40.0
343.0 -124.487 44.221 100.0 7.62 41.0
344.0 -124.473 44.22 100.0 7.62 41.0
345.0 -124.453 44.22 100.0 7.32 40.0
346.0 -124.481 44.213 100.0 7.62 40.0
347.0 -124.473 44.205 100.0 7.62 40.0
348.0 -124.46 44.194 100.0 7.62 39.0
349.0 -124.45 44.187 100.0 7.62 37.0
350.0 -124.44 44.179 100.0 7.62 33.0
351.0 -124.429 44.167 100.0 8.23 29.0
352.0 -124.42 44.16 100.0 8.23 25.0
353.0 -124.406 44.153 100.0 8.84 22.0
354.0 -124.394 44.14 100.0 9.14 22.0
355.0 -124.387 44.127 100.0 8.23 24.0
356.0 -124.3887 44.1071 100.0 8.23 29.0
357.0 -124.3674 44.0691 100.0 7.01 35.0
358.0 -124.345 44.0355 100.0 6.1 44.0
359.0 -124.3232 44.0031 100.0 5.18 52.0
360.0 -124.317 43.98 100.0 4.57 57.0
361.0 -124.31 43.967 100.0 3.96 58.0
362.0 -124.3 43.954 100.0 6.1 56.0
363.0 -124.293 43.945 100.0 5.49 53.0
364.0 -124.288 43.927 100.0 6.4 50.0
365.0 -124.284 43.913 100.0 6.1 49.0
366.0 -124.28 43.9 100.0 5.79 49.0
367.0 -124.279 43.88 100.0 5.79 49.0
368.0 -124.273 43.867 100.0 7.01 49.0
369.0 -124.28 43.855 100.0 6.4 48.0
370.0 -124.289 43.847 100.0 5.79 47.0
371.0 -124.291 43.827 100.0 5.49 46.0
372.0 -124.293 43.811 100.0 5.49 44.0
373.0 -124.3 43.795 100.0 5.49 44.0
374.0 -124.3 43.785 100.0 5.79 43.0
375.0 -124.293 43.773 100.0 5.79 41.0
376.0 -124.3 43.76 100.0 5.79 40.0
377.0 -124.306 43.747 100.0 5.79 39.0
378.0 -124.3 43.733 100.0 6.1 38.0
379.0 -124.302 43.72 100.0 6.71 37.0
380.0 -124.3 43.706 100.0 6.4 37.0
381.0 -124.3 43.688 100.0 6.4 37.0
382.0 -124.3 43.673 100.0 7.01 36.0
383.0 -124.303 43.653 100.0 7.01 36.0
384.0 -124.307 43.64 100.0 6.4 35.0
385.0 -124.313 43.622 100.0 6.71 34.0
386.0 -124.317 43.607 100.0 6.71 34.0
387.0 -124.32 43.593 100.0 6.71 33.0
388.0 -124.327 43.577 100.0 6.71 32.0
389.0 -124.33 43.56 100.0 6.71 31.0
390.0 -124.337 43.547 100.0 6.71 29.0
391.0 -124.347 43.537 100.0 6.71 27.0
392.0 -124.354 43.527 100.0 6.71 28.0
393.0 -124.36 43.507 100.0 6.71 28.0
394.0 -124.367 43.498 100.0 6.71 28.0
395.0 -124.377 43.487 100.0 6.71 28.0
396.0 -124.387 43.475 100.0 6.71 28.0
397.0 -124.409 43.453 100.0 6.4 21.0
398.0 -124.42 43.445 100.0 6.1 21.0
399.0 -124.428 43.433 100.0 6.1 21.0
400.0 -124.435 43.42 100.0 6.4 21.0
401.0 -124.44 43.406 100.0 6.4 21.0
402.0 -124.453 43.394 100.0 6.1 23.0
403.0 -124.461 43.387 100.0 5.79 24.0
404.0 -124.469 43.373 100.0 5.79 25.0
405.0 -124.48 43.364 100.0 5.49 26.0
406.0 -124.487 43.352 100.0 5.49 27.0
407.0 -124.498 43.34 100.0 5.49 27.0
408.0 -124.507 43.33 100.0 5.49 28.0
409.0 -124.513 43.315 100.0 5.79 28.0
410.0 -124.52 43.307 100.0 5.79 28.0
411.0 -124.527 43.293 100.0 5.79 28.0
412.0 -124.54 43.286 100.0 5.79 27.0
413.0 -124.553 43.276 100.0 6.1 27.0
414.0 -124.562 43.267 100.0 6.1 26.0
415.0 -124.572 43.253 100.0 6.4 24.0
416.0 -124.58 43.245 100.0 6.71 23.0
417.0 -124.587 43.233 100.0 6.71 21.0
418.0 -124.593 43.216 100.0 7.32 20.0
419.0 -124.593 43.205 100.0 7.32 21.0
420.0 -124.586 43.193 100.0 7.32 22.0
421.0 -124.576 43.18 100.0 7.01 24.0
422.0 -124.573 43.166 100.0 6.1 26.0
423.0 -124.576 43.153 100.0 6.1 28.0
424.0 -124.573 43.138 100.0 6.1 29.0
425.0 -124.572 43.12 100.0 6.1 30.0
426.0 -124.575 43.107 100.0 6.1 30.0
427.0 -124.572 43.093 100.0 6.4 30.0
428.0 -124.568 43.073 100.0 6.71 30.0
429.0 -124.567 43.066 100.0 6.71 30.0
430.0 -124.573 43.049 100.0 7.01 30.0
431.0 -124.576 43.033 100.0 7.32 30.0
432.0 -124.581 43.02 100.0 7.32 30.0
433.0 -124.587 43.007 100.0 7.32 29.0
434.0 -124.596 42.993 100.0 7.62 29.0
435.0 -124.61 42.987 100.0 7.62 28.0
436.0 -124.62 42.979 100.0 7.62 27.0
437.0 -124.627 42.967 100.0 7.62 26.0
438.0 -124.64 42.958 100.0 7.62 25.0
439.0 -124.653 42.947 100.0 7.62 24.0
440.0 -124.658 42.933 100.0 7.92 24.0
441.0 -124.664 42.92 100.0 7.92 23.0
442.0 -124.668 42.907 100.0 7.62 22.0
443.0 -124.673 42.889 100.0 7.62 21.0
444.0 -124.676 42.873 100.0 7.92 20.0
445.0 -124.68 42.859 100.0 7.92 19.0
446.0 -124.687 42.84 100.0 7.92 18.0
447.0 -124.689 42.827 100.0 7.92 18.0
448.0 -124.683 42.813 100.0 7.92 18.0
449.0 -124.673 42.801 100.0 7.62 18.0
450.0 -124.67 42.787 100.0 7.62 18.0
451.0 -124.671 42.767 100.0 7.32 18.0
452.0 -124.66 42.755 100.0 7.32 18.0
453.0 -124.652 42.747 100.0 7.32 18.0
454.0 -124.64 42.739 100.0 7.01 19.0
455.0 -124.627 42.729 100.0 7.01 19.0
456.0 -124.617 42.72 100.0 7.01 20.0
457.0 -124.611 42.707 100.0 6.71 20.0
458.0 -124.6 42.695 100.0 6.71 21.0
459.0 -124.587 42.689 100.0 6.4 22.0
460.0 -124.589 42.68 100.0 6.4 23.0
461.0 -124.59 42.66 100.0 6.4 25.0
462.0 -124.593 42.647 100.0 6.4 26.0
463.0 -124.592 42.633 100.0 6.1 26.0
464.0 -124.589 42.613 100.0 6.1 24.0
465.0 -124.589 42.593 100.0 6.4 22.0
466.0 -124.593 42.579 100.0 6.4 20.0
467.0 -124.601 42.567 100.0 6.71 19.0
468.0 -124.609 42.553 100.0 6.71 19.0
469.0 -124.62 42.541 100.0 6.71 19.0
470.0 -124.622 42.527 100.0 6.71 19.0
471.0 -124.627 42.511 100.0 7.01 19.0
472.0 -124.64 42.503 100.0 7.01 18.0
473.0 -124.659 42.5 100.0 7.01 18.0
474.0 -124.669 42.493 100.0 7.32 17.0
475.0 -124.666 42.48 100.0 7.62 16.0
476.0 -124.653 42.467 100.0 7.62 16.0
477.0 -124.653 42.46 100.0 7.32 16.0
478.0 -124.66 42.445 100.0 7.32 16.0
479.0 -124.661 42.427 100.0 7.32 15.0
480.0 -124.64 42.424 100.0 7.32 16.0
481.0 -124.653 42.417 100.0 7.32 16.0
482.0 -124.628 42.413 100.0 7.32 17.0
483.0 -124.62 42.403 100.0 7.32 16.0
484.0 -124.611 42.393 100.0 7.32 15.0
485.0 -124.6 42.384 100.0 7.01 15.0
486.0 -124.587 42.378 100.0 6.71 15.0
487.0 -124.573 42.373 100.0 6.71 16.0
488.0 -124.559 42.367 100.0 6.71 17.0
489.0 -124.544 42.36 100.0 6.71 16.0
490.0 -124.533 42.351 100.0 6.71 16.0
491.0 -124.522 42.34 100.0 6.4 18.0
492.0 -124.516 42.327 100.0 6.4 20.0
493.0 -124.507 42.315 100.0 6.4 21.0
494.0 -124.5 42.301 100.0 6.4 22.0
495.0 -124.493 42.293 100.0 6.71 20.0
496.0 -124.491 42.273 100.0 6.4 18.0
497.0 -124.481 42.26 100.0 6.4 19.0
498.0 -124.476 42.247 100.0 6.4 20.0
499.0 -124.472 42.233 100.0 6.4 23.0
500.0 -124.467 42.213 100.0 6.4 23.0
501.0 -124.46 42.2 100.0 6.71 23.0
502.0 -124.454 42.187 100.0 6.71 23.0
503.0 -124.458 42.167 100.0 6.71 23.0
504.0 -124.465 42.153 100.0 6.4 23.0
505.0 -124.454 42.14 100.0 6.71 23.0
506.0 -124.452 42.127 100.0 7.01 23.0
507.0 -124.455 42.113 100.0 6.71 21.0
508.0 -124.46 42.1 100.0 6.4 19.0
509.0 -124.458 42.087 100.0 6.4 17.0
510.0 -124.453 42.073 100.0 6.1 15.0
511.0 -124.456 42.06 100.0 5.79 15.0
512.0 -124.447 42.052 100.0 5.79 15.0
513.0 -124.431 42.047 100.0 6.1 16.0
514.0 -124.42 42.037 100.0 6.4 18.0
515.0 -124.413 42.027 100.0 6.4 20.0
516.0 -124.405 42.013 100.0 6.4 19.0
517.0 -124.4 42.0 100.0 6.4 18.0
518.0 -124.395 41.98 100.0 6.4 16.0
519.0 -124.392 41.967 100.0 6.1 14.0
520.0 -124.388 41.947 100.0 6.1 14.0
521.0 -124.388 41.927 100.0 6.1 14.0
522.0 -124.391 41.907 100.0 6.4 14.0
523.0 -124.394 41.893 100.0 6.1 13.0
524.0 -124.399 41.873 100.0 6.4 12.0
525.0 -124.402 41.86 100.0 6.71 13.0
526.0 -124.405 41.84 100.0 7.32 14.0
527.0 -124.405 41.82 100.0 7.62 15.0
528.0 -124.403 41.8 100.0 7.62 14.0
529.0 -124.4 41.786 100.0 7.62 15.0
530.0 -124.393 41.773 100.0 7.62 15.0
531.0 -124.38 41.761 100.0 7.62 15.0
532.0 -124.371 41.753 100.0 7.62 15.0
533.0 -124.36 41.74 100.0 7.32 16.0
534.0 -124.361 41.733 100.0 7.32 17.0
535.0 -124.373 41.722 100.0 7.01 18.0
536.0 -124.38 41.707 100.0 6.71 19.0
537.0 -124.381 41.693 100.0 6.71 21.0
538.0 -124.38 41.675 100.0 6.71 21.0
539.0 -124.381 41.667 100.0 6.71 22.0
540.0 -124.383 41.647 100.0 6.71 22.0
541.0 -124.383 41.627 100.0 6.71 23.0
542.0 -124.38 41.613 100.0 6.71 24.0
543.0 -124.382 41.6 100.0 6.71 25.0
544.0 -124.38 41.587 100.0 7.01 25.0
545.0 -124.379 41.567 100.0 7.32 24.0
546.0 -124.383 41.553 100.0 7.62 24.0
547.0 -124.384 41.533 100.0 7.92 22.0
548.0 -124.383 41.513 100.0 7.92 20.0
549.0 -124.385 41.493 100.0 7.92 18.0
550.0 -124.387 41.48 100.0 8.23 16.0
551.0 -124.387 41.46 100.0 7.62 16.0
552.0 -124.385 41.447 100.0 7.32 17.0
553.0 -124.38 41.428 100.0 6.71 17.0
554.0 -124.377 41.413 100.0 7.01 19.0
555.0 -124.37 41.4 100.0 7.01 19.0
556.0 -124.36 41.388 100.0 7.01 19.0
557.0 -124.353 41.38 100.0 6.71 20.0
558.0 -124.346 41.367 100.0 6.4 21.0
559.0 -124.337 41.353 100.0 6.4 22.0
560.0 -124.333 41.337 100.0 6.1 20.0
561.0 -124.32 41.329 100.0 5.79 17.0
562.0 -124.313 41.32 100.0 5.79 15.0
563.0 -124.307 41.3 100.0 5.79 15.0
564.0 -124.304 41.287 100.0 5.79 17.0
565.0 -124.302 41.267 100.0 5.79 21.0
566.0 -124.293 41.254 100.0 5.49 25.0
567.0 -124.29 41.24 100.0 5.49 26.0
568.0 -124.285 41.227 100.0 5.49 26.0
569.0 -124.287 41.212 100.0 5.49 26.0
570.0 -124.289 41.193 100.0 5.18 26.0
571.0 -124.283 41.18 100.0 4.88 27.0
572.0 -124.278 41.167 100.0 4.88 28.0
573.0 -124.28 41.152 100.0 4.88 29.0
574.0 -124.284 41.133 100.0 4.88 29.0
575.0 -124.287 41.12 100.0 4.88 27.0
576.0 -124.289 41.1 100.0 4.88 24.0
577.0 -124.291 41.08 100.0 4.88 23.0
578.0 -124.293 41.062 100.0 4.57 22.0
579.0 -124.295 41.047 100.0 4.27 23.0
580.0 -124.3 41.031 100.0 3.96 24.0
581.0 -124.304 41.013 100.0 3.96 27.0
582.0 -124.307 41.0 100.0 4.27 28.0
583.0 -124.314 40.987 100.0 4.57 30.0
584.0 -124.318 40.967 100.0 4.88 29.0
585.0 -124.322 40.953 100.0 5.49 29.0
586.0 -124.329 40.94 100.0 5.49 26.0
587.0 -124.333 40.923 100.0 5.79 25.0
588.0 -124.337 40.907 100.0 5.49 24.0
589.0 -124.342 40.893 100.0 5.18 26.0
590.0 -124.349 40.88 100.0 4.88 25.0
591.0 -124.356 40.867 100.0 4.57 26.0
592.0 -124.364 40.853 100.0 4.27 25.0
593.0 -124.373 40.84 100.0 3.96 26.0
594.0 -124.38 40.831 100.0 3.96 24.0
595.0 -124.391 40.82 100.0 3.96 24.0
596.0 -124.4 40.811 100.0 4.27 22.0
597.0 -124.411 40.8 100.0 4.57 22.0
598.0 -124.42 40.788 100.0 4.57 20.0
599.0 -124.427 40.78 100.0 4.88 21.0
600.0 -124.437 40.767 100.0 4.88 20.0
601.0 -124.447 40.755 100.0 4.88 20.0
602.0 -124.453 40.746 100.0 4.57 21.0
603.0 -124.46 40.733 100.0 4.27 22.0
604.0 -124.468 40.72 100.0 3.96 21.0
605.0 -124.475 40.707 100.0 3.96 23.0
606.0 -124.478 40.687 100.0 3.96 24.0
607.0 -124.478 40.667 100.0 3.35 24.0
608.0 -124.467 40.653 100.0 3.35 24.0
609.0 -124.467 40.641 100.0 3.35 23.0
610.0 -124.471 40.627 100.0 3.35 22.0
611.0 -124.461 40.613 100.0 3.66 24.0
612.0 -124.467 40.6 100.0 4.27 24.0
613.0 -124.478 40.587 100.0 4.88 26.0
614.0 -124.485 40.573 100.0 4.57 26.0
615.0 -124.493 40.564 100.0 4.27 24.0
616.0 -124.513 40.562 100.0 4.57 20.0
617.0 -124.527 40.556 100.0 5.79 19.0
618.0 -124.54 40.549 100.0 6.1 18.0
619.0 -124.551 40.54 100.0 5.79 19.0
620.0 -124.56 40.532 100.0 4.88 21.0
621.0 -124.572 40.52 100.0 4.27 24.0
622.0 -124.578 40.507 100.0 4.27 21.0
623.0 -124.579 40.487 100.0 3.66 22.0
624.0 -124.58 40.48 100.0 3.96 20.0
625.0 -124.573 40.467 100.0 3.96 18.0
626.0 -124.566 40.453 100.0 3.66 16.0
627.0 -124.5329 40.4291 100.0 3.66 15.0
628.0 -124.4983 40.4101 100.0 3.66 14.0
629.0 -124.4765 40.4045 100.0 3.66 14.0
630.0 -124.4556 40.3964 100.0 3.66 15.0
631.0 -124.4313 40.3852 100.0 3.66 15.0
632.0 -124.4135 40.3754 100.0 3.66 15.0
633.0 -124.4255 40.3651 100.0 3.66 15.0
634.0 -124.4476 40.3446 100.0 3.66 16.0
635.0 -124.4397 40.3246 100.0 3.66 16.0
636.0 -124.4278 40.3071 100.0 3.66 16.0
637.0 -124.4106 40.2899 100.0 3.66 17.0
638.0 -124.4411 40.2699 100.0 3.66 17.0
639.0 -124.4494 40.2509 100.0 3.66 17.0
640.0 -124.4332 40.2329 100.0 3.66 17.0
641.0 -124.4097 40.2176 100.0 3.66 18.0
642.0 -124.3784 40.2116 100.0 3.66 18.0
643.0 -124.3559 40.1954 100.0 3.66 18.0
644.0 -124.3325 40.1801 100.0 3.66 18.0
645.0 -124.309 40.164 100.0 3.66 19.0
646.0 -124.2884 40.1583 100.0 3.66 19.0
647.0 -124.2687 40.1502 100.0 3.66 19.0
648.0 -124.2477 40.138 100.0 3.66 20.0
649.0 -124.2411 40.1204 100.0 3.66 20.0
650.0 -124.2241 40.104 100.0 3.66 20.0
651.0 -124.201 40.0928 100.0 3.66 20.0
652.0 -124.1435 40.0926 100.0 3.35 21.0
653.0 -124.1293 40.0874 100.0 3.35 21.0
654.0 -124.1738 40.0841 100.0 3.66 21.0
655.0 -124.12 40.0756 100.0 3.35 22.0
656.0 -124.1324 40.0532 100.0 3.35 22.0
657.0 -124.1407 40.035 100.0 3.35 22.0
658.0 -124.1395 40.0163 100.0 3.35 22.0
659.0 -124.1399 40.0066 100.0 3.35 23.0
660.0 -124.14 39.9928 100.0 3.35 22.0
661.0 -124.14 39.984 100.0 3.35 21.0
662.0 -124.137 39.973 100.0 3.35 20.0
663.0 -124.133 39.961 100.0 3.96 19.0
664.0 -124.13 39.953 100.0 3.96 18.0
665.0 -124.127 39.945 100.0 3.66 17.0
666.0 -124.12 39.937 100.0 3.66 16.0
667.0 -124.113 39.929 100.0 3.66 15.0
668.0 -124.107 39.921 100.0 3.66 15.0
669.0 -124.1 39.916 100.0 3.96 14.0
670.0 -124.093 39.912 100.0 3.96 14.0
671.0 -124.087 39.905 100.0 4.27 14.0
672.0 -124.08 39.899 100.0 4.57 13.0
673.0 -124.073 39.892 100.0 4.27 14.0
674.0 -124.066 39.887 100.0 4.27 15.0
675.0 -124.053 39.88 100.0 4.27 16.0
676.0 -124.047 39.875 100.0 3.96 18.0
677.0 -124.039 39.873 100.0 3.96 19.0
678.0 -124.027 39.869 100.0 3.96 20.0
679.0 -124.0 39.868 100.0 4.27 21.0
680.0 -123.987 39.868 100.0 4.27 21.0
681.0 -124.013 39.867 100.0 3.96 21.0
682.0 -123.98 39.864 100.0 4.27 21.0
683.0 -123.971 39.86 100.0 3.96 21.0
684.0 -123.962 39.853 100.0 3.96 20.0
685.0 -123.954 39.847 100.0 3.96 22.0
686.0 -123.947 39.84 100.0 3.96 23.0
687.0 -123.941 39.833 100.0 3.96 25.0
688.0 -123.936 39.827 100.0 3.96 26.0
689.0 -123.93 39.82 100.0 4.27 28.0
690.0 -123.924 39.813 100.0 4.27 29.0
691.0 -123.918 39.807 100.0 4.57 30.0
692.0 -123.913 39.8 100.0 4.57 30.0
693.0 -123.907 39.789 100.0 4.88 30.0
694.0 -123.902 39.78 100.0 5.18 30.0
695.0 -123.899 39.773 100.0 5.18 29.0
696.0 -123.895 39.76 100.0 5.18 29.0
697.0 -123.892 39.753 100.0 5.18 29.0
698.0 -123.887 39.747 100.0 5.49 29.0
699.0 -123.88 39.736 100.0 5.49 29.0
700.0 -123.874 39.727 100.0 5.49 30.0
701.0 -123.871 39.72 100.0 5.79 30.0
702.0 -123.868 39.707 100.0 5.79 31.0
703.0 -123.867 39.693 100.0 5.79 31.0
704.0 -123.866 39.687 100.0 5.49 32.0
705.0 -123.863 39.673 100.0 5.49 33.0
706.0 -123.86 39.663 100.0 5.49 34.0
707.0 -123.857 39.653 100.0 5.49 35.0
708.0 -123.855 39.64 100.0 5.18 35.0
709.0 -123.853 39.633 100.0 5.18 35.0
710.0 -123.852 39.62 100.0 5.18 35.0
711.0 -123.85 39.607 100.0 5.18 35.0
712.0 -123.85 39.593 100.0 5.18 35.0
713.0 -123.851 39.58 100.0 5.18 34.0
714.0 -123.853 39.572 100.0 5.18 33.0
715.0 -123.853 39.56 100.0 5.18 33.0
716.0 -123.855 39.547 100.0 4.88 32.0
717.0 -123.853 39.536 100.0 4.88 32.0
718.0 -123.853 39.527 100.0 4.88 31.0
719.0 -123.853 39.518 100.0 4.88 31.0
720.0 -123.855 39.507 100.0 4.88 31.0
721.0 -123.859 39.493 100.0 4.57 31.0
722.0 -123.86 39.487 100.0 4.57 30.0
723.0 -123.863 39.473 100.0 4.57 30.0
724.0 -123.864 39.46 100.0 4.57 30.0
725.0 -123.866 39.447 100.0 4.57 30.0
726.0 -123.867 39.44 100.0 4.57 30.0
727.0 -123.871 39.427 100.0 4.57 30.0
728.0 -123.872 39.413 100.0 4.27 30.0
729.0 -123.873 39.403 100.0 4.27 29.0
730.0 -123.88 39.394 100.0 4.27 29.0
731.0 -123.887 39.387 100.0 3.96 29.0
732.0 -123.893 39.384 100.0 3.96 29.0
733.0 -123.893 39.376 100.0 3.96 29.0
734.0 -123.887 39.367 100.0 4.27 28.0
735.0 -123.88 39.36 100.0 4.57 28.0
736.0 -123.873 39.359 100.0 4.57 27.0
737.0 -123.865 39.353 100.0 4.88 26.0
738.0 -123.86 39.341 100.0 5.18 25.0
739.0 -123.859 39.333 100.0 5.49 24.0
740.0 -123.86 39.327 100.0 5.49 24.0
741.0 -123.858 39.32 100.0 5.49 23.0
742.0 -123.853 39.311 100.0 5.79 23.0
743.0 -123.849 39.3 100.0 6.1 23.0
744.0 -123.848 39.287 100.0 5.79 24.0
745.0 -123.847 39.279 100.0 5.79 24.0
746.0 -123.845 39.267 100.0 5.79 25.0
747.0 -123.843 39.253 100.0 5.49 26.0
748.0 -123.84 39.244 100.0 5.49 27.0
749.0 -123.833 39.236 100.0 5.18 28.0
750.0 -123.829 39.227 100.0 5.18 29.0
751.0 -123.826 39.22 100.0 5.18 30.0
752.0 -123.822 39.207 100.0 4.88 30.0
753.0 -123.819 39.2 100.0 4.88 30.0
754.0 -123.813 39.188 100.0 4.88 31.0
755.0 -123.812 39.18 100.0 4.88 31.0
756.0 -123.809 39.167 100.0 4.88 31.0
757.0 -123.808 39.153 100.0 4.88 30.0
758.0 -123.812 39.14 100.0 4.88 30.0
759.0 -123.813 39.13 100.0 4.57 30.0
760.0 -123.82 39.126 100.0 4.57 29.0
761.0 -123.827 39.12 100.0 4.57 29.0
762.0 -123.827 39.107 100.0 4.27 29.0
763.0 -123.832 39.093 100.0 4.27 28.0
764.0 -123.835 39.087 100.0 4.27 28.0
765.0 -123.837 39.073 100.0 4.27 28.0
766.0 -123.838 39.06 100.0 4.27 28.0
767.0 -123.84 39.052 100.0 4.27 27.0
768.0 -123.84 39.04 100.0 4.27 27.0
769.0 -123.837 39.033 100.0 4.57 25.0
770.0 -123.833 39.022 100.0 4.57 25.0
771.0 -123.833 39.013 100.0 4.57 24.0
772.0 -123.83 39.0 100.0 4.57 23.0
773.0 -123.827 38.99 100.0 4.57 23.0
774.0 -123.82 38.984 100.0 4.57 23.0
775.0 -123.817 38.973 100.0 4.57 23.0
776.0 -123.813 38.963 100.0 4.57 24.0
777.0 -123.81 38.953 100.0 4.88 24.0
778.0 -123.807 38.944 100.0 4.88 24.0
779.0 -123.803 38.933 100.0 4.57 25.0
780.0 -123.802 38.92 100.0 4.57 25.0
781.0 -123.8 38.911 100.0 4.27 25.0
782.0 -123.8 38.9 100.0 4.27 25.0
783.0 -123.793 38.89 100.0 4.27 25.0
784.0 -123.788 38.88 100.0 4.57 25.0
785.0 -123.786 38.873 100.0 4.57 26.0
786.0 -123.782 38.86 100.0 4.27 26.0
787.0 -123.775 38.853 100.0 4.27 27.0
788.0 -123.768 38.847 100.0 4.27 27.0
789.0 -123.761 38.84 100.0 4.27 27.0
790.0 -123.753 38.834 100.0 4.27 27.0
791.0 -123.747 38.83 100.0 4.57 27.0
792.0 -123.733 38.827 100.0 4.57 27.0
793.0 -123.727 38.82 100.0 4.57 26.0
794.0 -123.72 38.814 100.0 4.57 26.0
795.0 -123.713 38.808 100.0 4.57 26.0
796.0 -123.707 38.804 100.0 4.57 26.0
797.0 -123.7 38.795 100.0 4.57 26.0
798.0 -123.693 38.79 100.0 4.57 27.0
799.0 -123.687 38.785 100.0 4.57 27.0
800.0 -123.68 38.78 100.0 4.57 28.0
801.0 -123.673 38.772 100.0 4.27 29.0
802.0 -123.667 38.765 100.0 4.27 29.0
803.0 -123.659 38.76 100.0 4.27 29.0
804.0 -123.652 38.753 100.0 4.27 29.0
805.0 -123.647 38.746 100.0 4.27 29.0
806.0 -123.64 38.74 100.0 4.27 28.0
807.0 -123.628 38.733 100.0 4.57 28.0
808.0 -123.62 38.727 100.0 4.57 27.0
809.0 -123.613 38.724 100.0 4.57 27.0
810.0 -123.606 38.72 100.0 4.57 28.0
811.0 -123.598 38.713 100.0 4.57 29.0
812.0 -123.59 38.707 100.0 4.27 30.0
813.0 -123.583 38.7 100.0 4.27 31.0
814.0 -123.576 38.693 100.0 4.57 32.0
815.0 -123.571 38.687 100.0 4.57 32.0
816.0 -123.562 38.68 100.0 4.57 33.0
817.0 -123.558 38.673 100.0 4.57 33.0
818.0 -123.552 38.667 100.0 4.88 32.0
819.0 -123.547 38.659 100.0 4.57 32.0
820.0 -123.54 38.653 100.0 4.57 32.0
821.0 -123.527 38.649 100.0 4.88 32.0
822.0 -123.52 38.642 100.0 4.88 32.0
823.0 -123.513 38.635 100.0 4.88 32.0
824.0 -123.508 38.627 100.0 4.88 32.0
825.0 -123.502 38.62 100.0 4.88 32.0
826.0 -123.493 38.613 100.0 4.88 31.0
827.0 -123.487 38.61 100.0 5.18 31.0
828.0 -123.48 38.605 100.0 5.18 30.0
829.0 -123.473 38.6 100.0 5.18 30.0
830.0 -123.467 38.593 100.0 5.18 30.0
831.0 -123.46 38.585 100.0 4.88 30.0
832.0 -123.453 38.579 100.0 4.88 30.0
833.0 -123.447 38.573 100.0 4.88 30.0
834.0 -123.439 38.567 100.0 4.88 29.0
835.0 -123.432 38.56 100.0 4.88 29.0
836.0 -123.426 38.553 100.0 4.88 29.0
837.0 -123.419 38.547 100.0 4.88 30.0
838.0 -123.413 38.54 100.0 4.88 29.0
839.0 -123.406 38.533 100.0 4.27 29.0
840.0 -123.396 38.527 100.0 4.57 30.0
841.0 -123.387 38.52 100.0 4.88 30.0
842.0 -123.382 38.513 100.0 4.88 31.0
843.0 -123.3773 38.5052 100.0 4.88 31.0
844.0 -123.371 38.4956 100.0 4.88 32.0
845.0 -123.366 38.4858 100.0 4.88 33.0
846.0 -123.3599 38.4756 100.0 4.88 34.0
847.0 -123.3521 38.4662 100.0 4.88 35.0
848.0 -123.3423 38.4554 100.0 4.88 36.0
849.0 -123.3342 38.4436 100.0 4.57 37.0
850.0 -123.3223 38.4286 100.0 4.57 38.0
851.0 -123.3138 38.4151 100.0 4.57 39.0
852.0 -123.3017 38.4012 100.0 4.57 40.0
853.0 -123.2916 38.3921 100.0 4.57 41.0
854.0 -123.28 38.383 100.0 4.57 41.0
855.0 -123.273 38.374 100.0 4.27 41.0
856.0 -123.273 38.372 100.0 4.27 40.0
857.0 -123.273 38.363 100.0 4.57 40.0
858.0 -123.271 38.353 100.0 4.57 39.0
859.0 -123.267 38.344 100.0 4.57 37.0
860.0 -123.26 38.337 100.0 4.57 35.0
861.0 -123.253 38.33 100.0 4.57 34.0
862.0 -123.248 38.32 100.0 4.57 33.0
863.0 -123.254 38.313 100.0 4.57 32.0
864.0 -123.253 38.305 100.0 4.57 31.0
865.0 -123.248 38.293 100.0 4.27 30.0
866.0 -123.245 38.287 100.0 4.27 29.0
867.0 -123.24 38.279 100.0 4.27 29.0
868.0 -123.233 38.269 100.0 4.57 29.0
869.0 -123.229 38.26 100.0 4.57 30.0
870.0 -123.225 38.253 100.0 4.57 30.0
871.0 -123.22 38.243 100.0 4.27 32.0
872.0 -123.216 38.233 100.0 4.27 33.0
873.0 -123.21 38.227 100.0 4.27 35.0
874.0 -123.205 38.22 100.0 4.27 36.0
875.0 -123.2 38.213 100.0 4.27 37.0
876.0 -123.193 38.2 100.0 4.27 40.0
877.0 -123.193 38.2 100.0 4.27 38.0
878.0 -123.198 38.187 100.0 4.27 42.0
879.0 -123.193 38.176 100.0 4.57 43.0
880.0 -123.192 38.167 100.0 4.57 41.0
881.0 -123.192 38.153 100.0 4.88 41.0
882.0 -123.192 38.14 100.0 4.88 41.0
883.0 -123.193 38.131 100.0 4.57 40.0
884.0 -123.195 38.12 100.0 4.57 37.0
885.0 -123.193 38.109 100.0 4.27 36.0
886.0 -123.191 38.1 100.0 4.27 34.0
887.0 -123.189 38.087 100.0 4.27 34.0
888.0 -123.192 38.0768 100.0 4.27 34.0
889.0 -123.197 38.0666 100.0 4.27 34.0
890.0 -123.202 38.0434 100.0 4.27 34.0
891.0 -123.208 38.0288 100.0 4.27 34.0
892.0 -123.213 38.0078 100.0 4.27 34.0
893.0 -123.219 37.9903 100.0 4.27 34.0
894.0 -123.225 37.9721 100.0 4.27 34.0
895.0 -123.23 37.954 100.0 4.27 34.0
896.0 -123.207 37.79 100.0 3.05 21.0
897.0 -123.2 37.786 100.0 3.05 21.0
898.0 -123.187 37.78 100.0 3.05 21.0
899.0 -123.18 37.775 100.0 3.05 20.0
900.0 -123.173 37.769 100.0 3.05 20.0
901.0 -123.167 37.765 100.0 3.05 21.0
902.0 -123.16 37.757 100.0 3.05 21.0
903.0 -123.155 37.747 100.0 3.05 22.0
904.0 -123.15 37.74 100.0 3.05 22.0
905.0 -123.12 37.715 100.0 3.05 21.0
906.0 -123.113 37.71 100.0 3.05 21.0
907.0 -123.107 37.705 100.0 3.05 21.0
908.0 -123.1 37.7 100.0 3.05 20.0
909.0 -123.087 37.693 100.0 3.05 20.0
910.0 -123.08 37.688 100.0 3.05 19.0
911.0 -123.073 37.684 100.0 3.05 19.0
912.0 -123.065 37.68 100.0 3.35 18.0
913.0 -123.053 37.674 100.0 3.35 18.0
914.0 -123.047 37.669 100.0 3.35 18.0
915.0 -123.04 37.666 100.0 3.35 18.0
916.0 -123.029 37.66 100.0 3.35 18.0
917.0 -123.02 37.658 100.0 3.35 19.0
918.0 -123.007 37.655 100.0 3.35 20.0
919.0 -123.0 37.651 100.0 3.35 21.0
920.0 -122.993 37.643 100.0 3.35 21.0
921.0 -122.98 37.64 100.0 3.35 22.0
922.0 -122.973 37.636 100.0 3.35 23.0
923.0 -122.97 37.627 100.0 3.35 23.0
924.0 -122.965 37.62 100.0 3.35 23.0
925.0 -122.957 37.613 100.0 3.35 23.0
926.0 -122.947 37.607 100.0 3.66 22.0
927.0 -122.94 37.6 100.0 3.66 22.0
928.0 -122.936 37.593 100.0 3.66 21.0
929.0 -122.933 37.585 100.0 3.35 21.0
930.0 -122.927 37.58 100.0 3.35 20.0
931.0 -122.92 37.572 100.0 3.35 20.0
932.0 -122.916 37.56 100.0 3.35 20.0
933.0 -122.912 37.553 100.0 3.35 19.0
934.0 -122.907 37.545 100.0 3.35 20.0
935.0 -122.9 37.533 100.0 3.35 19.0
936.0 -122.898 37.527 100.0 3.35 19.0
937.0 -122.893 37.52 100.0 3.66 19.0
938.0 -122.884 37.513 100.0 3.66 19.0
939.0 -122.874 37.507 100.0 3.66 19.0
940.0 -122.868 37.5 100.0 3.66 19.0
941.0 -122.866 37.493 100.0 3.66 19.0
942.0 -122.864 37.48 100.0 3.66 19.0
943.0 -122.86 37.473 100.0 3.35 19.0
944.0 -122.853 37.466 100.0 3.35 19.0
945.0 -122.844 37.46 100.0 3.66 19.0
946.0 -122.84 37.447 100.0 3.35 19.0
947.0 -122.836 37.44 100.0 3.35 19.0
948.0 -122.832 37.433 100.0 3.35 20.0
949.0 -122.823 37.427 100.0 3.35 20.0
950.0 -122.814 37.42 100.0 3.35 20.0
951.0 -122.812 37.413 100.0 3.35 20.0
952.0 -122.807 37.401 100.0 3.35 21.0
953.0 -122.8 37.395 100.0 3.35 21.0
954.0 -122.793 37.389 100.0 3.35 21.0
955.0 -122.789 37.38 100.0 3.35 21.0
956.0 -122.783 37.373 100.0 3.35 21.0
957.0 -122.775 37.367 100.0 3.66 21.0
958.0 -122.767 37.36 100.0 3.66 20.0
959.0 -122.763 37.353 100.0 3.66 20.0
960.0 -122.76 37.347 100.0 3.66 20.0
961.0 -122.753 37.34 100.0 3.66 20.0
962.0 -122.747 37.333 100.0 3.66 19.0
963.0 -122.739 37.327 100.0 3.66 18.0
964.0 -122.727 37.325 100.0 3.96 17.0
965.0 -122.713 37.323 100.0 4.27 16.0
966.0 -122.7 37.32 100.0 4.27 14.0
967.0 -122.697 37.313 100.0 4.57 12.0
968.0 -122.702 37.307 100.0 4.57 12.0
969.0 -122.7 37.3 100.0 4.57 12.0
970.0 -122.693 37.293 100.0 4.57 13.0
971.0 -122.685 37.287 100.0 4.27 14.0
972.0 -122.673 37.28 100.0 3.96 16.0
973.0 -122.673 37.28 100.0 3.96 15.0
974.0 -122.679 37.267 100.0 3.96 18.0
975.0 -122.673 37.26 100.0 3.96 18.0
976.0 -122.667 37.249 100.0 3.96 18.0
977.0 -122.662 37.24 100.0 3.66 18.0
978.0 -122.66 37.233 100.0 3.66 19.0
979.0 -122.654 37.22 100.0 3.35 19.0
980.0 -122.649 37.213 100.0 3.35 19.0
981.0 -122.64 37.21 100.0 3.35 20.0
982.0 -122.633 37.202 100.0 3.35 20.0
983.0 -122.627 37.198 100.0 3.66 20.0
984.0 -122.613 37.193 100.0 3.66 20.0
985.0 -122.607 37.192 100.0 3.66 20.0
986.0 -122.595 37.187 100.0 3.66 19.0
987.0 -122.594 37.173 100.0 3.66 20.0
988.0 -122.587 37.167 100.0 3.66 20.0
989.0 -122.58 37.165 100.0 3.35 21.0
990.0 -122.567 37.161 100.0 3.35 21.0
991.0 -122.56 37.154 100.0 3.35 22.0
992.0 -122.553 37.153 100.0 3.35 23.0
993.0 -122.54 37.147 100.0 3.35 24.0
994.0 -122.536 37.14 100.0 3.35 24.0
995.0 -122.532 37.133 100.0 3.35 24.0
996.0 -122.527 37.125 100.0 3.35 24.0
997.0 -122.52 37.116 100.0 3.66 24.0
998.0 -122.513 37.111 100.0 3.66 24.0
999.0 -122.5 37.107 100.0 3.66 24.0
1000.0 -122.493 37.103 100.0 3.66 24.0
1001.0 -122.487 37.1 100.0 3.96 23.0
1002.0 -122.479 37.093 100.0 3.96 24.0
1003.0 -122.473 37.086 100.0 3.96 24.0
1004.0 -122.464 37.08 100.0 3.96 25.0
1005.0 -122.453 37.074 100.0 3.66 25.0
1006.0 -122.447 37.068 100.0 3.66 25.0
1007.0 -122.44 37.062 100.0 3.66 26.0
1008.0 -122.433 37.057 100.0 3.66 27.0
1009.0 -122.422 37.053 100.0 3.66 28.0
1010.0 -122.413 37.052 100.0 3.96 28.0
1011.0 -122.401 37.047 100.0 3.66 28.0
1012.0 -122.393 37.042 100.0 3.66 28.0
1013.0 -122.387 37.038 100.0 3.66 28.0
1014.0 -122.38 37.033 100.0 3.66 27.0
1015.0 -122.373 37.027 100.0 3.66 27.0
1016.0 -122.367 37.019 100.0 3.66 26.0
1017.0 -122.36 37.013 100.0 3.66 25.0
1018.0 -122.353 37.007 100.0 3.35 25.0
1019.0 -122.342 37.0 100.0 3.35 24.0
1020.0 -122.333 36.994 100.0 3.35 23.0
1021.0 -122.327 36.987 100.0 3.35 21.0
1022.0 -122.32 36.98 100.0 3.66 20.0
1023.0 -122.313 36.974 100.0 3.66 19.0
1024.0 -122.307 36.968 100.0 3.35 19.0
1025.0 -122.3 36.96 100.0 3.05 20.0
1026.0 -122.293 36.955 100.0 3.05 21.0
1027.0 -122.193 36.898 100.0 3.05 28.0
1028.0 -121.967 36.855 100.0 3.66 36.0
1029.0 -121.957 36.853 100.0 3.66 36.0
1030.0 -122.12 36.852 100.0 3.05 34.0
1031.0 -122.107 36.847 100.0 3.05 34.0
1032.0 -121.973 36.847 100.0 3.35 35.0
1033.0 -122.1 36.844 100.0 3.05 34.0
1034.0 -121.979 36.84 100.0 3.05 35.0
1035.0 -121.956 36.84 100.0 3.05 36.0
1036.0 -121.987 36.836 100.0 3.05 35.0
1037.0 -121.96 36.833 100.0 3.05 37.0
1038.0 -121.853 36.82 100.0 3.96 37.0
1039.0 -121.847 36.819 100.0 3.96 36.0
1040.0 -121.86 36.817 100.0 3.96 39.0
1041.0 -121.839 36.813 100.0 4.27 35.0
1042.0 -121.907 36.812 100.0 3.05 45.0
1043.0 -121.893 36.811 100.0 3.35 43.0
1044.0 -121.867 36.811 100.0 3.66 40.0
1045.0 -121.913 36.807 100.0 3.05 44.0
1046.0 -121.882 36.807 100.0 3.35 42.0
1047.0 -121.877 36.807 100.0 3.35 41.0
1048.0 -121.836 36.8 100.0 3.96 35.0
1049.0 -121.827 36.795 100.0 4.27 35.0
1050.0 -121.827 36.792 100.0 4.57 36.0
1051.0 -121.835 36.787 100.0 4.27 37.0
1052.0 -121.847 36.784 100.0 3.96 37.0
1053.0 -121.86 36.782 100.0 3.66 37.0
1054.0 -121.873 36.78 100.0 3.35 37.0
1055.0 -121.878 36.773 100.0 3.35 38.0
1056.0 -121.88 36.767 100.0 3.35 39.0
1057.0 -121.889 36.76 100.0 3.05 40.0
1058.0 -121.9 36.755 100.0 3.05 40.0
1059.0 -121.913 36.754 100.0 3.05 41.0
1060.0 -121.927 36.745 100.0 3.05 41.0
1061.0 -121.932 36.733 100.0 3.05 40.0
1062.0 -121.935 36.727 100.0 3.05 38.0
1063.0 -121.939 36.713 100.0 3.35 37.0
1064.0 -121.945 36.707 100.0 3.05 37.0
1065.0 -121.947 36.7 100.0 3.35 36.0
1066.0 -121.953 36.692 100.0 3.05 34.0
1067.0 -121.96 36.684 100.0 3.05 34.0
1068.0 -121.967 36.673 100.0 3.05 34.0
1069.0 -121.971 36.667 100.0 3.05 33.0
1070.0 -121.973 36.546 100.0 3.05 26.0
1071.0 -121.96 36.546 100.0 3.66 26.0
1072.0 -121.953 36.54 100.0 3.66 25.0
1073.0 -121.953 36.532 100.0 3.66 25.0
1074.0 -121.967 36.527 100.0 3.35 24.0
1075.0 -121.973 36.52 100.0 3.05 24.0
1076.0 -121.973 36.518 100.0 3.35 23.0
1077.0 -121.973 36.509 100.0 3.66 22.0
1078.0 -121.973 36.504 100.0 3.66 22.0
1079.0 -121.972 36.493 100.0 3.66 21.0
1080.0 -121.974 36.487 100.0 3.66 20.0
1081.0 -121.973 36.477 100.0 3.66 20.0
1082.0 -121.969 36.467 100.0 3.66 21.0
1083.0 -121.965 36.46 100.0 3.66 21.0
1084.0 -121.96 36.449 100.0 3.66 22.0
1085.0 -121.956 36.44 100.0 3.96 23.0
1086.0 -121.953 36.429 100.0 3.96 23.0
1087.0 -121.952 36.42 100.0 3.96 24.0
1088.0 -121.953 36.41 100.0 3.66 24.0
1089.0 -121.958 36.4 100.0 3.66 25.0
1090.0 -121.96 36.392 100.0 3.66 25.0
1091.0 -121.964 36.38 100.0 3.66 24.0
1092.0 -121.966 36.367 100.0 3.66 24.0
1093.0 -121.967 36.357 100.0 3.96 23.0
1094.0 -121.969 36.347 100.0 3.96 21.0
1095.0 -121.973 36.339 100.0 4.27 19.0
1096.0 -121.98 36.327 100.0 4.27 18.0
1097.0 -121.987 36.322 100.0 4.27 16.0
1098.0 -121.993 36.318 100.0 4.27 15.0
1099.0 -122.0 36.313 100.0 4.57 14.0
1100.0 -122.007 36.306 100.0 4.27 14.0
1101.0 -122.011 36.293 100.0 3.96 15.0
1102.0 -122.014 36.287 100.0 3.66 15.0
1103.0 -122.015 36.273 100.0 3.35 15.0
1104.0 -122.007 36.267 100.0 3.35 14.0
1105.0 -122.0 36.261 100.0 3.35 14.0
1106.0 -121.993 36.258 100.0 3.35 13.0
1107.0 -121.986 36.253 100.0 3.35 12.0
1108.0 -121.92 36.25 100.0 3.96 21.0
1109.0 -121.974 36.247 100.0 3.66 12.0
1110.0 -121.909 36.247 100.0 3.96 23.0
1111.0 -121.927 36.246 100.0 3.66 18.0
1112.0 -121.967 36.244 100.0 3.66 13.0
1113.0 -121.953 36.243 100.0 3.66 15.0
1114.0 -121.94 36.241 100.0 3.35 16.0
1115.0 -121.902 36.24 100.0 3.66 23.0
1116.0 -121.893 36.237 100.0 3.66 23.0
1117.0 -121.887 36.233 100.0 3.66 23.0
1118.0 -121.873 36.23 100.0 3.66 22.0
1119.0 -121.867 36.227 100.0 3.66 19.0
1120.0 -121.853 36.224 100.0 3.96 17.0
1121.0 -121.845 36.22 100.0 4.27 15.0
1122.0 -121.833 36.218 100.0 5.18 13.0
1123.0 -121.822 36.213 100.0 4.57 12.0
1124.0 -121.813 36.211 100.0 4.27 12.0
1125.0 -121.805 36.207 100.0 4.88 11.0
1126.0 -121.773 36.195 100.0 4.57 13.0
1127.0 -121.767 36.193 100.0 3.35 14.0
1128.0 -121.753 36.192 100.0 3.35 14.0
1129.0 -121.74 36.191 100.0 3.35 13.0
1130.0 -121.729 36.187 100.0 3.35 13.0
1131.0 -121.722 36.18 100.0 3.66 13.0
1132.0 -121.715 36.173 100.0 3.66 14.0
1133.0 -121.71 36.167 100.0 3.96 14.0
1134.0 -121.706 36.16 100.0 3.96 14.0
1135.0 -121.698 36.153 100.0 3.96 15.0
1136.0 -121.691 36.147 100.0 3.96 16.0
1137.0 -121.687 36.139 100.0 4.27 17.0
1138.0 -121.68 36.131 100.0 3.35 17.0
1139.0 -121.673 36.125 100.0 3.35 18.0
1140.0 -121.667 36.119 100.0 3.96 18.0
1141.0 -121.659 36.113 100.0 3.66 19.0
1142.0 -121.653 36.1088 100.0 3.66 20.0
1143.0 -121.645 36.099 100.0 3.96 20.0
1144.0 -121.6362 36.0848 100.0 3.05 21.0
1145.0 -121.6113 36.0303 100.0 3.05 23.0
1146.0 -121.6045 36.0166 100.0 3.35 23.0
1147.0 -121.5932 36.0038 100.0 3.66 24.0
1148.0 -121.5823 35.9939 100.0 3.66 23.0
1149.0 -121.574 35.987 100.0 3.96 23.0
1150.0 -121.567 35.984 100.0 4.57 22.0
1151.0 -121.56 35.979 100.0 4.88 21.0
1152.0 -121.547 35.973 100.0 5.18 20.0
1153.0 -121.54 35.973 100.0 4.27 19.0
1154.0 -121.518 35.94 100.0 5.18 18.0
1155.0 -121.52 35.933 100.0 4.88 18.0
1156.0 -121.517 35.927 100.0 4.88 18.0
1157.0 -121.515 35.913 100.0 4.88 18.0
1158.0 -121.513 35.906 100.0 4.88 18.0
1159.0 -121.507 35.894 100.0 4.88 18.0
1160.0 -121.5 35.888 100.0 5.18 17.0
1161.0 -121.494 35.88 100.0 3.96 16.0
1162.0 -121.493 35.873 100.0 4.88 16.0
1163.0 -121.487 35.866 100.0 5.49 16.0
1164.0 -121.48 35.858 100.0 4.57 17.0
1165.0 -121.47 35.853 100.0 4.57 17.0
1166.0 -121.464 35.847 100.0 4.88 18.0
1167.0 -121.46 35.838 100.0 4.88 20.0
1168.0 -121.458 35.827 100.0 4.57 22.0
1169.0 -121.46 35.818 100.0 4.27 23.0
1170.0 -121.467 35.811 100.0 3.96 25.0
1171.0 -121.468 35.8 100.0 3.96 26.0
1172.0 -121.464 35.793 100.0 3.96 27.0
1173.0 -121.455 35.787 100.0 3.96 27.0
1174.0 -121.451 35.78 100.0 3.96 28.0
1175.0 -121.447 35.773 100.0 3.96 29.0
1176.0 -121.439 35.767 100.0 3.96 29.0
1177.0 -121.43 35.76 100.0 3.96 29.0
1178.0 -121.421 35.753 100.0 3.96 29.0
1179.0 -121.414 35.747 100.0 4.27 29.0
1180.0 -121.41 35.74 100.0 4.27 29.0
1181.0 -121.408 35.727 100.0 4.27 28.0
1182.0 -121.407 35.713 100.0 3.96 28.0
1183.0 -121.406 35.707 100.0 3.66 27.0
1184.0 -121.4 35.693 100.0 3.66 27.0
1185.0 -121.393 35.687 100.0 3.66 26.0
1186.0 -121.387 35.683 100.0 3.66 26.0
1187.0 -121.38 35.676 100.0 3.66 26.0
1188.0 -121.373 35.669 100.0 3.66 25.0
1189.0 -121.367 35.664 100.0 3.66 24.0
1190.0 -121.36 35.659 100.0 3.66 24.0
1191.0 -121.352 35.653 100.0 3.66 24.0
1192.0 -121.342 35.647 100.0 3.66 24.0
1193.0 -121.333 35.644 100.0 3.96 23.0
1194.0 -121.321 35.64 100.0 4.27 23.0
1195.0 -121.313 35.634 100.0 4.27 23.0
1196.0 -121.307 35.629 100.0 4.27 24.0
1197.0 -121.3 35.625 100.0 4.27 24.0
1198.0 -121.293 35.619 100.0 3.96 25.0
1199.0 -121.283 35.613 100.0 3.96 25.0
1200.0 -121.274 35.607 100.0 3.96 26.0
1201.0 -121.268 35.6 100.0 3.96 27.0
1202.0 -121.26 35.594 100.0 3.96 28.0
1203.0 -121.253 35.59 100.0 4.27 29.0
1204.0 -121.246 35.587 100.0 4.27 30.0
1205.0 -121.235 35.58 100.0 4.27 31.0
1206.0 -121.227 35.575 100.0 4.27 32.0
1207.0 -121.22 35.572 100.0 4.27 33.0
1208.0 -121.212 35.567 100.0 4.27 34.0
1209.0 -121.206 35.56 100.0 4.27 34.0
1210.0 -121.199 35.553 100.0 3.96 35.0
1211.0 -121.19 35.547 100.0 3.96 35.0
1212.0 -121.181 35.54 100.0 3.96 35.0
1213.0 -121.174 35.533 100.0 3.66 36.0
1214.0 -121.167 35.527 100.0 3.66 36.0
1215.0 -121.16 35.522 100.0 3.66 36.0
1216.0 -121.153 35.517 100.0 3.66 37.0
1217.0 -121.147 35.512 100.0 3.66 36.0
1218.0 -121.14 35.506 100.0 3.66 36.0
1219.0 -121.132 35.5 100.0 3.66 35.0
1220.0 -121.122 35.493 100.0 3.66 35.0
1221.0 -121.114 35.487 100.0 3.66 34.0
1222.0 -121.107 35.48 100.0 3.66 33.0
1223.0 -121.101 35.473 100.0 3.66 33.0
1224.0 -121.095 35.467 100.0 3.66 33.0
1225.0 -121.087 35.46 100.0 3.96 33.0
1226.0 -121.08 35.453 100.0 3.96 34.0
1227.0 -121.073 35.449 100.0 3.96 35.0
1228.0 -121.067 35.444 100.0 3.96 36.0
1229.0 -121.06 35.439 100.0 3.96 36.0
1230.0 -121.053 35.433 100.0 3.96 36.0
1231.0 -121.04 35.427 100.0 4.27 36.0
1232.0 -121.033 35.424 100.0 4.27 37.0
1233.0 -121.021 35.42 100.0 4.57 37.0
1234.0 -121.013 35.414 100.0 4.57 37.0
1235.0 -121.007 35.407 100.0 4.57 38.0
1236.0 -121.004 35.4 100.0 4.57 40.0
1237.0 -121.0 35.39 100.0 4.57 42.0
1238.0 -120.993 35.38 100.0 4.88 43.0
1239.0 -120.991 35.373 100.0 4.88 44.0
1240.0 -120.993 35.367 100.0 4.57 45.0
1241.0 -120.993 35.36 100.0 4.57 45.0
1242.0 -120.988 35.347 100.0 4.57 45.0
1243.0 -120.983 35.34 100.0 4.57 44.0
1244.0 -120.979 35.333 100.0 4.57 43.0
1245.0 -120.977 35.32 100.0 4.57 41.0
1246.0 -120.974 35.307 100.0 4.57 40.0
1247.0 -120.972 35.3 100.0 4.57 38.0
1248.0 -120.973 35.288 100.0 4.27 37.0
1249.0 -120.973 35.286 100.0 4.27 36.0
1250.0 -120.969 35.273 100.0 4.27 35.0
1251.0 -120.966 35.267 100.0 3.96 35.0
1252.0 -120.96 35.259 100.0 3.96 35.0
1253.0 -120.953 35.249 100.0 3.96 35.0
1254.0 -120.947 35.24 100.0 3.96 34.0
1255.0 -120.942 35.233 100.0 3.96 34.0
1256.0 -120.939 35.227 100.0 3.96 33.0
1257.0 -120.934 35.213 100.0 3.66 32.0
1258.0 -120.929 35.207 100.0 3.66 31.0
1259.0 -120.926 35.2 100.0 3.66 31.0
1260.0 -120.92 35.193 100.0 3.66 30.0
1261.0 -120.91 35.187 100.0 3.96 30.0
1262.0 -120.902 35.18 100.0 3.96 29.0
1263.0 -120.896 35.173 100.0 3.96 30.0
1264.0 -120.892 35.167 100.0 3.96 30.0
1265.0 -120.887 35.159 100.0 3.96 31.0
1266.0 -120.88 35.152 100.0 3.96 32.0
1267.0 -120.873 35.145 100.0 3.96 33.0
1268.0 -120.867 35.138 100.0 3.96 35.0
1269.0 -120.86 35.132 100.0 3.96 37.0
1270.0 -120.853 35.125 100.0 3.96 38.0
1271.0 -120.846 35.12 100.0 4.27 41.0
1272.0 -120.84 35.111 100.0 4.27 45.0
1273.0 -120.835 35.1 100.0 4.27 47.0
1274.0 -120.831 35.093 100.0 3.96 48.0
1275.0 -120.827 35.083 100.0 3.96 49.0
1276.0 -120.824 35.073 100.0 3.96 50.0
1277.0 -120.82 35.06 100.0 4.27 50.0
1278.0 -120.817 35.053 100.0 4.27 49.0
1279.0 -120.813 35.04 100.0 3.96 48.0
1280.0 -120.812 35.033 100.0 3.96 47.0
1281.0 -120.807 35.021 100.0 3.96 45.0
1282.0 -120.804 35.013 100.0 3.96 44.0
1283.0 -120.802 35.0 100.0 4.27 43.0
1284.0 -120.8 34.993 100.0 4.57 42.0
1285.0 -120.798 34.98 100.0 4.88 40.0
1286.0 -120.794 34.967 100.0 4.88 39.0
1287.0 -120.791 34.96 100.0 4.57 38.0
1288.0 -120.788 34.947 100.0 4.57 36.0
1289.0 -120.787 34.933 100.0 4.57 35.0
1290.0 -120.784 34.927 100.0 4.88 32.0
1291.0 -120.782 34.913 100.0 4.88 29.0
1292.0 -120.782 34.9 100.0 4.88 26.0
1293.0 -120.78 34.891 100.0 4.88 24.0
1294.0 -120.78 34.88 100.0 4.88 22.0
1295.0 -120.78 34.873 100.0 4.88 20.0
1296.0 -120.784 34.86 100.0 4.57 20.0
1297.0 -120.786 34.847 100.0 4.57 21.0
1298.0 -120.787 34.84 100.0 4.57 21.0
1299.0 -120.786 34.833 100.0 4.27 21.0
1300.0 -120.784 34.82 100.0 4.27 21.0
1301.0 -120.784 34.807 100.0 4.27 21.0
1302.0 -120.785 34.793 100.0 4.27 22.0
1303.0 -120.787 34.781 100.0 3.96 22.0
1304.0 -120.79 34.773 100.0 3.96 22.0
1305.0 -120.793 34.761 100.0 3.66 22.0
1306.0 -120.794 34.753 100.0 3.66 22.0
1307.0 -120.8 34.745 100.0 3.66 22.0
1308.0 -120.807 34.74 100.0 3.66 22.0
1309.0 -120.808 34.727 100.0 3.66 22.0
1310.0 -120.802 34.72 100.0 3.66 21.0
1311.0 -120.802 34.707 100.0 3.35 21.0
1312.0 -120.8 34.693 100.0 3.35 22.0
1313.0 -120.797 34.687 100.0 3.35 22.0
1314.0 -120.795 34.673 100.0 3.35 22.0
1315.0 -120.794 34.66 100.0 3.05 21.0
1316.0 -120.792 34.653 100.0 3.05 21.0
1317.0 -120.787 34.643 100.0 3.05 22.0
1318.0 -120.78 34.633 100.0 3.05 22.0
1319.0 -120.778 34.627 100.0 3.05 23.0
1320.0 -120.613 34.471 100.0 3.05 25.0
1321.0 -120.603 34.467 100.0 3.05 24.0
1322.0 -120.593 34.461 100.0 3.35 23.0
1323.0 -120.587 34.459 100.0 3.35 22.0
1324.0 -120.575 34.453 100.0 3.35 22.0
1325.0 -120.568 34.447 100.0 3.35 22.0
1326.0 -120.56 34.442 100.0 3.05 21.0
1327.0 -120.553 34.44 100.0 3.05 21.0
1328.0 -120.541 34.433 100.0 3.05 21.0
1329.0 -120.533 34.431 100.0 3.05 21.0
1330.0 -120.527 34.426 100.0 3.05 21.0
1331.0 -120.287 34.426 100.0 3.05 29.0
1332.0 -120.273 34.426 100.0 3.05 29.0
1333.0 -120.26 34.426 100.0 3.05 31.0
1334.0 -120.247 34.426 100.0 2.74 34.0
1335.0 -120.3 34.425 100.0 2.74 29.0
1336.0 -120.233 34.425 100.0 2.74 37.0
1337.0 -120.22 34.425 100.0 2.74 41.0
1338.0 -120.313 34.423 100.0 2.74 30.0
1339.0 -120.322 34.42 100.0 2.74 30.0
1340.0 -120.333 34.415 100.0 2.74 31.0
1341.0 -120.34 34.411 100.0 2.74 31.0
1342.0 -120.473 34.157 100.0 3.35 16.0
1343.0 -120.46 34.157 100.0 3.05 16.0
1344.0 -120.487 34.156 100.0 3.05 16.0
1345.0 -120.447 34.155 100.0 3.05 17.0
1346.0 -120.497 34.153 100.0 3.05 16.0
1347.0 -120.44 34.152 100.0 3.05 17.0
1348.0 -120.427 34.151 100.0 3.05 17.0
1349.0 -120.416 34.147 100.0 3.05 18.0
1350.0 -120.5 34.145 100.0 3.05 16.0
1351.0 -120.407 34.144 100.0 3.05 19.0
1352.0 -120.58 34.143 100.0 2.74 17.0
1353.0 -120.567 34.143 100.0 2.74 17.0
1354.0 -120.56 34.14 100.0 2.74 16.0
1355.0 -120.508 34.14 100.0 3.05 16.0
1356.0 -120.393 34.14 100.0 2.74 19.0
1357.0 -120.387 34.14 100.0 2.74 19.0
1358.0 -120.52 34.137 100.0 3.05 16.0
1359.0 -120.373 34.137 100.0 2.74 19.0
1360.0 -120.36 34.136 100.0 2.74 19.0
1361.0 -120.547 34.134 100.0 3.05 16.0
1362.0 -120.533 34.133 100.0 3.05 16.0
1363.0 -120.352 34.133 100.0 2.74 19.0
1364.0 -120.315 34.133 100.0 2.74 45.0
1365.0 -120.54 34.132 100.0 3.05 16.0
1366.0 -120.343 34.127 100.0 3.05 19.0
1367.0 -120.307 34.127 100.0 2.74 40.0
1368.0 -119.231 34.127 100.0 2.74 32.0
1369.0 -119.224 34.127 100.0 2.74 32.0
1370.0 -120.333 34.123 100.0 3.05 20.0
1371.0 -120.58 34.121 100.0 2.74 17.0
1372.0 -120.3 34.121 100.0 2.74 35.0
1373.0 -120.27 34.12 100.0 2.74 42.0
1374.0 -119.237 34.12 100.0 2.74 32.0
1375.0 -120.327 34.119 100.0 3.05 22.0
1376.0 -120.573 34.117 100.0 2.74 17.0
1377.0 -120.313 34.115 100.0 3.05 25.0
1378.0 -120.563 34.113 100.0 2.74 16.0
1379.0 -120.307 34.113 100.0 3.05 29.0
1380.0 -120.3 34.113 100.0 3.05 30.0
1381.0 -120.261 34.113 100.0 2.74 38.0
1382.0 -120.253 34.11 100.0 2.74 35.0
1383.0 -120.245 34.107 100.0 2.74 33.0
1384.0 -120.233 34.107 100.0 2.74 35.0
1385.0 -120.227 34.107 100.0 2.74 37.0
1386.0 -120.207 34.107 100.0 2.74 42.0
1387.0 -120.14 34.105 100.0 2.74 47.0
1388.0 -119.993 34.105 100.0 2.74 54.0
1389.0 -120.22 34.104 100.0 2.74 39.0
1390.0 -120.127 34.103 100.0 2.74 46.0
1391.0 -120.1 34.102 100.0 2.74 47.0
1392.0 -120.113 34.101 100.0 2.74 46.0
1393.0 -120.033 34.101 100.0 2.74 47.0
1394.0 -120.562 34.1 100.0 2.74 15.0
1395.0 -120.065 34.1 100.0 2.74 48.0
1396.0 -120.042 34.1 100.0 2.74 48.0
1397.0 -120.025 34.1 100.0 2.74 47.0
1398.0 -120.107 34.099 100.0 2.74 46.0
1399.0 -120.053 34.099 100.0 2.74 48.0
1400.0 -120.0 34.099 100.0 2.74 52.0
1401.0 -120.013 34.098 100.0 2.74 50.0
1402.0 -120.554 34.093 100.0 2.74 15.0
1403.0 -120.547 34.088 100.0 2.74 15.0
1404.0 -120.54 34.08 100.0 2.74 15.0
1405.0 -120.533 34.074 100.0 2.74 15.0
1406.0 -120.527 34.067 100.0 2.74 16.0
1407.0 -120.525 34.06 100.0 2.74 16.0
1408.0 -120.523 34.047 100.0 2.74 17.0
1409.0 -120.453 34.007 100.0 2.74 19.0
1410.0 -120.447 34.005 100.0 2.74 19.0
1411.0 -120.433 34.001 100.0 3.05 18.0
1412.0 -120.427 33.999 100.0 3.05 18.0
1413.0 -120.413 33.995 100.0 3.05 19.0
1414.0 -120.406 33.993 100.0 3.05 19.0
1415.0 -120.393 33.99 100.0 3.05 20.0
1416.0 -120.38 33.988 100.0 3.05 21.0
1417.0 -120.367 33.987 100.0 3.05 22.0
1418.0 -120.36 33.986 100.0 3.05 23.0
1419.0 -119.92 33.984 100.0 3.35 26.0
1420.0 -120.347 33.98 100.0 3.05 24.0
1421.0 -119.927 33.98 100.0 3.05 27.0
1422.0 -119.912 33.98 100.0 3.05 26.0
1423.0 -120.344 33.973 100.0 2.74 24.0
1424.0 -119.927 33.973 100.0 3.05 27.0
1425.0 -119.903 33.973 100.0 3.05 25.0
1426.0 -118.587 33.973 100.0 2.74 41.0
1427.0 -119.893 33.968 100.0 2.74 25.0
1428.0 -118.58 33.968 100.0 2.74 42.0
1429.0 -120.34 33.966 100.0 2.74 24.0
1430.0 -119.887 33.966 100.0 2.74 25.0
1431.0 -120.327 33.962 100.0 2.74 23.0
1432.0 -119.92 33.961 100.0 2.74 27.0
1433.0 -119.88 33.96 100.0 2.74 24.0
1434.0 -118.574 33.96 100.0 2.74 42.0
1435.0 -120.32 33.959 100.0 2.74 23.0
1436.0 -120.307 33.956 100.0 3.05 22.0
1437.0 -119.913 33.954 100.0 2.74 28.0
1438.0 -120.298 33.953 100.0 3.05 21.0
1439.0 -119.873 33.953 100.0 2.74 23.0
1440.0 -118.57 33.953 100.0 2.74 43.0
1441.0 -120.292 33.947 100.0 3.05 20.0
1442.0 -119.907 33.947 100.0 2.74 28.0
1443.0 -118.566 33.947 100.0 2.74 44.0
1444.0 -120.283 33.94 100.0 3.05 20.0
1445.0 -118.56 33.936 100.0 2.74 44.0
1446.0 -120.273 33.935 100.0 3.05 20.0
1447.0 -120.267 33.931 100.0 3.05 21.0
1448.0 -118.555 33.927 100.0 2.74 45.0
1449.0 -120.26 33.926 100.0 2.74 22.0
1450.0 -120.249 33.92 100.0 2.74 24.0
1451.0 -120.24 33.914 100.0 2.74 25.0
1452.0 -118.557 33.913 100.0 2.74 45.0
1453.0 -120.233 33.909 100.0 2.74 27.0
1454.0 -120.187 33.893 100.0 2.74 25.0
1455.0 -120.173 33.89 100.0 2.74 23.0
1456.0 -120.163 33.887 100.0 2.74 22.0
1457.0 -120.153 33.884 100.0 2.74 22.0
1458.0 -120.14 33.882 100.0 2.74 21.0
1459.0 -120.129 33.88 100.0 2.74 22.0
1460.0 -120.12 33.876 100.0 2.74 22.0
1461.0 -120.113 33.87 100.0 2.74 23.0
1462.0 -120.106 33.867 100.0 2.74 24.0
1463.0 -120.093 33.862 100.0 2.74 24.0
1464.0 -120.085 33.86 100.0 3.05 24.0
1465.0 -118.48 33.856 100.0 2.74 45.0
1466.0 -120.078 33.853 100.0 3.05 25.0
1467.0 -120.07 33.847 100.0 3.05 25.0
1468.0 -118.427 33.845 100.0 3.05 41.0
1469.0 -120.063 33.84 100.0 2.74 25.0
1470.0 -119.953 33.84 100.0 2.74 23.0
1471.0 -118.437 33.84 100.0 2.74 41.0
1472.0 -118.42 33.837 100.0 3.05 41.0
1473.0 -120.055 33.833 100.0 2.74 25.0
1474.0 -119.96 33.833 100.0 2.74 23.0
1475.0 -118.44 33.833 100.0 2.74 42.0
1476.0 -119.967 33.832 100.0 2.74 23.0
1477.0 -120.047 33.83 100.0 2.74 25.0
1478.0 -119.993 33.83 100.0 3.05 23.0
1479.0 -119.98 33.83 100.0 2.74 23.0
1480.0 -118.42 33.83 100.0 3.05 40.0
1481.0 -120.033 33.829 100.0 2.74 25.0
1482.0 -120.02 33.829 100.0 2.74 24.0
1483.0 -120.007 33.829 100.0 3.05 23.0
1484.0 -118.427 33.823 100.0 2.74 40.0
1485.0 -118.433 33.82 100.0 2.74 41.0
1486.0 -118.44 33.811 100.0 2.74 42.0
1487.0 -119.68 33.386 100.0 3.05 19.0
1488.0 -119.627 33.381 100.0 3.05 15.0
1489.0 -119.688 33.38 100.0 3.05 20.0
1490.0 -119.667 33.38 100.0 3.05 18.0
1491.0 -119.638 33.38 100.0 3.05 16.0
1492.0 -119.618 33.38 100.0 3.05 15.0
1493.0 -119.727 33.374 100.0 2.74 22.0
1494.0 -119.739 33.373 100.0 2.74 22.0
1495.0 -119.666 33.373 100.0 3.05 18.0
1496.0 -119.633 33.373 100.0 3.05 16.0
1497.0 -119.72 33.371 100.0 2.74 21.0
1498.0 -119.693 33.371 100.0 3.05 21.0
1499.0 -119.707 33.369 100.0 2.74 21.0
1500.0 -119.613 33.368 100.0 3.35 15.0
1501.0 -119.747 33.367 100.0 2.74 22.0
1502.0 -119.659 33.367 100.0 3.05 18.0
1503.0 -119.625 33.367 100.0 3.35 16.0
1504.0 -119.582 33.367 100.0 3.05 15.0
1505.0 -119.573 33.367 100.0 2.74 15.0
1506.0 -119.567 33.367 100.0 2.74 15.0
1507.0 -119.7 33.366 100.0 2.74 21.0
1508.0 -119.593 33.366 100.0 3.05 15.0
1509.0 -119.607 33.364 100.0 3.35 15.0
1510.0 -119.54 33.364 100.0 2.74 15.0
1511.0 -119.647 33.362 100.0 3.05 17.0
1512.0 -119.553 33.362 100.0 2.74 15.0
1513.0 -119.633 33.361 100.0 3.35 17.0
1514.0 -119.753 33.36 100.0 2.74 22.0
1515.0 -119.759 33.353 100.0 2.74 21.0
1516.0 -119.76 33.347 100.0 2.74 21.0
1517.0 -119.763 33.333 100.0 2.74 21.0
1518.0 -119.742 33.333 100.0 2.74 20.0
1519.0 -119.737 33.333 100.0 2.74 20.0
1520.0 -119.753 33.327 100.0 2.74 21.0
1521.0 -119.73 33.327 100.0 2.74 20.0
1522.0 -119.733 33.319 100.0 2.74 20.0
1523.0 -119.746 33.313 100.0 2.74 20.0
1524.0 -119.74 33.3 100.0 2.74 19.0
1525.0 -119.733 33.294 100.0 2.74 19.0
1526.0 -119.727 33.287 100.0 3.05 19.0
1527.0 -119.72 33.28 100.0 2.74 19.0
1528.0 -119.713 33.276 100.0 2.74 20.0
1529.0 -119.707 33.271 100.0 2.74 20.0
1530.0 -119.7 33.266 100.0 2.74 20.0
1531.0 -119.687 33.262 100.0 2.74 20.0
1532.0 -119.827 33.26 100.0 2.74 20.0
1533.0 -119.82 33.26 100.0 2.74 20.0
1534.0 -119.68 33.26 100.0 2.74 20.0
1535.0 -119.667 33.258 100.0 2.74 20.0
1536.0 -119.656 33.253 100.0 2.74 20.0
1537.0 -119.647 33.252 100.0 2.74 19.0
1538.0 -119.64 33.246 100.0 2.74 19.0
1539.0 -119.627 33.24 100.0 2.74 19.0
1540.0 -119.62 33.239 100.0 2.74 18.0
1541.0 -119.607 33.234 100.0 2.74 17.0
1542.0 -119.6 33.232 100.0 3.05 17.0
1543.0 -119.587 33.227 100.0 3.05 16.0
1544.0 -119.58 33.226 100.0 3.05 16.0
1545.0 -119.56 33.22 100.0 2.74 15.0
1546.0 -119.547 33.216 100.0 3.05 14.0
1547.0 -119.519 33.207 100.0 3.35 14.0
1548.0 -119.507 33.202 100.0 2.74 14.0
1549.0 -119.5 33.2 100.0 2.74 14.0
1550.0 -118.6 32.958 100.0 2.74 23.0
1551.0 -118.593 32.953 100.0 2.74 23.0
1552.0 -118.587 32.944 100.0 2.74 23.0
1553.0 -118.58 32.936 100.0 2.74 23.0
1554.0 -118.574 32.927 100.0 2.74 23.0
1555.0 -118.571 32.92 100.0 2.74 23.0
1556.0 -117.286 32.907 100.0 2.74 34.0
1557.0 -118.553 32.899 100.0 2.74 23.0
1558.0 -118.547 32.893 100.0 2.74 22.0
1559.0 -117.281 32.893 100.0 2.74 34.0
1560.0 -118.54 32.883 100.0 3.05 21.0
1561.0 -117.282 32.88 100.0 2.74 34.0
1562.0 -117.293 32.875 100.0 2.74 35.0
1563.0 -118.533 32.873 100.0 3.05 20.0
1564.0 -118.531 32.867 100.0 3.05 20.0
1565.0 -118.527 32.853 100.0 3.05 20.0
1566.0 -118.525 32.847 100.0 3.05 20.0
1567.0 -118.52 32.836 100.0 3.05 20.0
1568.0 -118.513 32.831 100.0 3.05 20.0
1569.0 -118.506 32.827 100.0 3.05 20.0
1570.0 -118.497 32.82 100.0 3.05 19.0
1571.0 -118.487 32.814 100.0 3.35 19.0
1572.0 -118.48 32.808 100.0 3.35 19.0
1573.0 -118.473 32.802 100.0 3.35 19.0
1574.0 -118.467 32.797 100.0 3.35 19.0
1575.0 -118.46 32.791 100.0 3.35 19.0
1576.0 -118.453 32.787 100.0 3.35 18.0
1577.0 -118.44 32.78 100.0 3.05 18.0
1578.0 -118.433 32.773 100.0 3.05 18.0
1579.0 -118.43 32.767 100.0 2.74 18.0
1580.0 -118.42 32.762 100.0 2.74 18.0
1581.0 -118.393 32.76 100.0 2.13 17.0
1582.0 -117.367 32.757 100.0 1.83 46.0
1583.0 -118.413 32.754 100.0 2.44 18.0
1584.0 -118.398 32.753 100.0 2.13 18.0
1585.0 -118.407 32.751 100.0 2.13 18.0
1586.0 -117.36 32.748 100.0 1.83 45.0
1587.0 -117.354 32.74 100.0 1.83 43.0
1588.0 -117.349 32.733 100.0 1.83 41.0
1589.0 -117.345 32.727 100.0 1.83 39.0
1590.0 -117.34 32.714 100.0 1.83 37.0
1591.0 -117.337 32.707 100.0 1.83 36.0
1592.0 -117.334 32.693 100.0 1.83 35.0
1593.0 -117.333 32.686 100.0 1.83 33.0
1594.0 -117.331 32.673 100.0 1.83 32.0
1595.0 -117.33 32.66 100.0 1.83 30.0
1596.0 -117.33 32.647 100.0 1.83 29.0
1597.0 -117.329 32.633 100.0 1.83 27.0
1598.0 -117.327 32.62 100.0 1.83 25.0
1599.0 -117.327 32.613 100.0 1.83 23.0
1600.0 -117.322 32.6 100.0 2.13 23.0
1601.0 -117.317 32.593 100.0 2.13 23.0
1602.0 -117.313 32.587 100.0 1.83 24.0
1603.0 -117.307 32.573 100.0 1.83 25.0
1604.0 -117.307 32.564 100.0 1.83 26.0
1605.0 -117.304 32.553 100.0 1.83 27.0
1606.0 -117.301 32.54 100.0 1.83 28.0
1607.0 -117.296 32.533 100.0 1.83 28.0
1608.0 -117.29 32.527 100.0 1.83 28.0
1609.0 -117.284 32.52 100.0 1.83 27.0
1610.0 -117.281 32.507 100.0 1.83 26.0
1611.0 -117.276 32.5 100.0 1.83 26.0
1612.0 -117.274 32.487 100.0 1.83 24.0
1613.0 -117.276 32.473 100.0 1.83 23.0
1614.0 -117.274 32.46 100.0 1.83 21.0
1615.0 -117.267 32.46 100.0 1.83 21.0
1616.0 -117.256 32.453 100.0 2.13 23.0
1617.0 -117.26 32.447 100.0 1.83 23.0
1618.0 -117.267 32.437 100.0 1.83 24.0
1619.0 -117.27 32.427 100.0 1.83 24.0
1620.0 -117.268 32.413 100.0 1.83 26.0
